0 6
0 8
0 30
0 31
0 33
0 34
0 49
0 59
0 61
0 67
0 79
0 84
0 97
0 98
0 107
0 109
0 121
0 122
0 134
0 155
0 159
0 172
0 180
0 184
0 188
0 189
0 195
0 199
0 202
0 205
0 220
0 238
0 253
0 258
0 271
0 277
0 278
0 281
0 285
0 286
0 292
0 304
0 306
0 316
0 317
0 320
0 326
0 331
0 335
0 341
1 73
1 280
2 312
2 343
3 280
4 273
5 158
5 316
6 89
6 95
7 168
9 26
9 72
9 122
9 170
9 185
9 199
10 67
13 65
13 188
13 238
14 41
14 312
17 41
17 312
19 174
20 41
21 40
21 134
21 197
21 223
21 308
23 175
23 230
23 237
25 26
25 83
25 271
26 67
26 118
26 158
26 161
26 170
26 185
26 203
26 271
26 276
26 334
28 151
30 73
30 322
31 83
40 67
40 203
40 212
40 213
40 325
45 186
48 88
48 320
48 330
49 192
49 241
50 113
53 88
53 204
53 260
54 329
56 66
56 75
56 82
56 232
56 261
56 265
56 291
56 297
56 331
56 342
57 302
57 346
58 1912
58 3290
59 82
59 325
62 170
62 223
62 341
63 271
65 314
67 79
67 118
67 134
67 170
67 313
68 143
68 296
71 230
72 132
72 252
72 271
73 88
73 299
75 200
75 322
78 218
79 188
82 211
82 261
82 268
82 313
84 237
87 322
92 94
92 330
94 194
96 274
98 122
98 199
99 131
99 225
100 189
100 217
101 187
101 266
101 317
103 185
103 200
104 239
104 252
105 148
107 363
107 483
107 606
107 637
107 649
107 906
107 923
107 928
107 939
107 943
107 948
107 958
107 966
107 975
107 989
107 1008
107 1011
107 1017
107 1036
107 1043
107 1053
107 1065
107 1067
107 1080
107 1088
107 1092
107 1095
107 1099
107 1101
107 1109
107 1124
107 1125
107 1128
107 1144
107 1145
107 1147
107 1154
107 1176
107 1178
107 1179
107 1192
107 1200
107 1207
107 1212
107 1220
107 1223
107 1235
107 1245
107 1246
107 1257
107 1262
107 1277
107 1283
107 1302
107 1304
107 1318
107 1380
107 1392
107 1409
107 1425
107 1428
107 1437
107 1439
107 1458
107 1466
107 1469
107 1493
107 1494
107 1499
107 1512
107 1514
107 1519
107 1525
107 1526
107 1527
107 1529
107 1557
107 1558
107 1559
107 1565
107 1568
107 1585
107 1598
107 1606
107 1616
107 1619
107 1620
107 1631
107 1638
107 1644
107 1649
107 1652
107 1654
107 1655
107 1683
107 1690
107 1700
107 1712
107 1730
107 1733
107 1795
107 1797
107 1801
107 1836
107 1840
107 1841
107 1844
107 1850
107 1851
107 1860
107 1861
107 1863
107 1873
107 1900
107 1904
107 1906
108 272
109 332
111 312
115 140
115 144
116 214
116 326
118 268
119 122
119 285
122 203
122 315
122 345
123 239
123 334
125 169
128 169
128 176
128 213
128 223
128 252
128 313
130 191
130 277
130 300
132 277
135 197
136 156
136 2018
136 2117
136 2138
136 2187
136 2189
136 2267
136 2283
136 2417
136 2459
136 2502
136 2508
136 2617
137 337
139 251
140 326
142 236
146 285
147 319
149 312
149 343
150 329
152 181
158 317
158 325
158 332
159 277
161 203
165 188
167 243
169 318
169 322
170 211
170 239
170 285
171 189
171 2740
172 199
172 231
173 427
174 293
175 225
176 239
177 278
178 186
185 200
185 271
186 236
186 239
187 266
188 271
188 297
192 205
194 254
195 218
196 249
197 272
198 441
199 265
199 271
200 224
200 271
200 276
200 277
200 297
200 325
200 332
203 265
203 331
204 254
211 268
211 315
213 236
213 324
223 246
223 271
231 232
231 280
232 291
236 276
238 261
239 272
242 302
248 252
248 265
248 323
249 254
252 313
257 258
257 272
258 323
261 268
261 314
261 318
271 277
271 331
275 328
276 322
285 315
285 342
301 324
304 315
304 341
311 344
312 343
319 327
322 342
325 342
348 353
348 358
348 366
348 367
348 369
348 416
348 422
348 443
348 444
348 462
348 478
348 500
348 501
348 510
348 520
348 522
348 536
348 540
348 542
348 544
348 557
348 559
348 569
348 572
350 426
350 504
350 543
351 364
351 564
352 394
352 412
352 479
353 363
353 419
353 428
353 462
353 520
353 606
353 976
353 1320
353 1349
353 1679
353 1778
354 359
354 403
355 412
355 546
357 424
357 509
357 518
359 452
359 530
360 417
360 432
360 444
360 461
360 497
360 510
360 513
360 567
360 570
362 412
362 560
362 570
363 455
363 483
363 544
363 565
363 651
363 1427
363 1529
363 1606
363 1673
363 1692
363 1844
366 394
366 936
366 976
366 1012
366 1300
366 1512
366 1549
366 1790
366 1801
367 491
368 416
368 494
368 500
368 526
370 374
370 417
370 431
370 432
370 452
370 507
370 515
370 524
370 540
370 544
370 591
372 455
372 568
373 391
373 417
373 461
373 465
373 515
373 520
373 565
373 566
373 590
374 431
374 444
374 521
374 523
374 525
374 545
374 567
374 591
376 395
376 432
376 461
376 491
376 492
376 500
376 520
376 557
376 570
376 580
376 604
376 1536
378 517
378 651
381 509
382 474
382 547
382 555
385 436
387 561
388 412
388 438
388 496
388 497
388 503
388 548
389 469
391 414
391 465
391 500
392 423
392 515
393 501
394 438
394 520
395 398
395 419
395 451
395 591
395 604
395 614
397 481
397 506
397 507
398 408
398 517
400 421
400 434
400 436
400 488
400 493
400 500
400 506
400 512
400 525
400 567
400 669
402 451
402 482
402 507
402 517
402 559
403 470
403 546
404 421
404 428
404 452
404 462
404 537
404 542
407 490
408 440
408 465
408 512
408 545
408 560
409 460
409 503
409 517
409 538
412 422
412 430
412 493
412 496
412 512
412 523
412 538
413 445
413 461
414 438
414 515
414 589
414 633
414 673
415 556
416 493
417 428
417 444
417 508
417 520
418 432
418 481
418 506
418 544
419 517
420 506
420 537
421 465
421 493
422 444
422 520
422 561
423 475
423 527
423 538
423 561
423 567
423 587
423 604
423 645
424 486
425 479
426 544
426 563
428 434
428 456
428 479
428 606
428 609
428 1237
428 1545
430 465
430 493
431 438
431 493
431 561
432 507
432 546
432 555
433 455
433 563
434 515
436 492
436 525
437 453
437 462
438 460
438 500
438 520
438 604
438 634
439 451
439 458
444 503
444 545
446 482
451 544
452 547
455 561
456 495
456 520
456 537
458 490
460 567
461 506
461 544
462 536
463 547
463 570
464 552
465 506
465 507
465 604
465 614
469 540
471 559
472 533
475 517
475 567
475 591
475 1645
477 563
479 527
479 536
479 542
482 497
483 561
483 567
483 637
483 954
483 984
483 1001
483 1281
483 1373
483 1425
483 1512
483 1660
483 1767
483 1812
483 1820
483 1875
484 513
484 515
484 517
484 567
484 651
484 953
484 1029
484 1173
484 1422
484 1620
488 497
488 513
490 502
492 537
492 561
492 641
494 503
494 561
495 514
495 542
496 523
497 523
500 580
500 591
502 548
504 513
504 553
504 555
504 563
505 516
506 519
506 566
510 521
511 536
511 545
512 545
513 517
513 527
513 542
513 553
513 557
513 561
513 606
513 651
514 517
515 620
516 518
517 556
517 580
517 637
517 1237
517 1268
517 1320
517 1374
517 1870
518 554
519 546
519 557
520 542
522 529
523 534
524 651
524 683
526 559
526 1054
526 1075
526 1320
526 1487
526 1557
526 1584
526 1600
526 1710
526 1740
528 543
531 563
531 570
532 572
538 1025
538 1080
538 1320
538 1677
538 1679
540 559
542 559
544 566
544 669
546 547
548 556
553 555
556 563
559 651
561 565
561 669
563 1338
563 1688
566 637
567 645
575 612
575 617
575 685
577 659
577 675
578 599
578 615
579 598
579 664
579 685
580 1427
580 1694
582 640
583 599
583 628
583 658
583 662
584 630
586 634
586 646
588 617
588 619
588 653
588 678
588 682
589 664
589 677
592 625
592 653
592 684
592 685
595 640
596 1235
597 644
599 628
599 670
600 632
601 1349
604 669
606 645
606 917
606 1070
606 1183
606 1313
606 1357
606 1536
606 1674
606 1876
611 684
612 619
612 636
614 669
615 675
617 648
617 666
618 680
619 623
619 653
619 677
619 678
620 644
620 653
625 644
625 677
626 657
626 680
627 681
629 1850
629 1893
630 631
632 650
633 636
633 680
636 685
637 1060
637 1155
637 1616
639 682
640 650
640 661
640 681
641 1114
641 1179
641 1210
641 1237
641 1332
641 1436
641 1459
643 665
644 654
647 662
647 675
647 681
651 1358
651 1473
651 1692
653 664
653 680
658 659
658 661
659 675
665 670
686 691
686 699
686 700
686 702
686 712
686 727
686 732
686 743
686 744
686 747
686 754
686 764
686 766
686 769
686 771
686 776
686 778
686 795
686 799
686 817
686 826
686 832
686 837
687 697
687 718
687 764
687 774
687 779
687 780
687 797
687 828
688 723
688 734
688 815
688 823
690 820
693 705
694 724
694 772
694 824
694 827
694 831
694 853
695 734
695 781
695 853
696 711
697 777
697 780
697 805
697 827
697 830
697 835
697 890
698 713
698 747
698 804
698 870
698 875
698 883
698 889
698 893
701 821
702 789
702 822
703 759
703 820
703 827
703 831
703 845
705 715
705 719
705 737
705 748
705 754
705 807
705 824
705 830
706 773
708 760
708 827
708 830
709 805
709 824
709 835
711 784
713 738
713 800
713 810
713 827
713 829
713 834
715 781
716 728
716 770
718 748
718 762
718 770
718 803
718 823
719 734
719 759
719 815
719 824
719 840
722 820
724 726
724 786
724 821
724 824
724 826
724 848
726 752
726 754
726 760
726 773
726 781
726 805
726 834
727 770
727 824
727 849
728 759
728 764
728 797
730 747
731 766
731 773
731 781
731 784
732 788
732 806
732 822
733 768
734 842
734 847
736 850
737 820
738 752
738 826
739 774
739 787
739 805
741 747
742 786
742 829
745 787
745 815
745 823
747 748
747 769
747 809
747 820
747 830
747 831
748 817
748 830
752 773
753 819
753 889
754 821
755 781
755 793
755 814
755 836
758 793
758 836
759 828
762 827
763 770
763 797
764 781
765 807
766 771
766 810
766 826
767 796
769 774
769 798
770 781
770 849
772 814
772 828
773 820
774 800
774 843
777 830
778 834
778 844
780 805
780 828
780 835
781 783
781 817
781 824
781 836
784 800
784 824
787 827
787 849
788 806
791 822
792 823
792 828
793 808
793 809
796 818
797 808
800 823
800 830
803 880
804 889
805 807
805 829
805 838
805 842
805 843
806 839
806 850
811 869
812 815
814 828
815 838
818 822
821 836
823 835
824 826
824 853
838 840
838 856
844 848
845 849
856 861
857 865
857 871
857 3586
858 881
862 3495
862 3797
865 868
871 881
873 874
879 894
896 1036
896 1235
896 1298
896 1423
896 1459
896 1635
897 1083
897 1214
897 1361
897 1460
897 1639
897 1835
898 1382
898 1751
898 1820
898 1871
900 1136
901 938
901 958
901 1118
901 1186
902 1019
902 1082
902 1190
902 1279
903 963
903 1118
903 1568
903 1895
905 1237
906 1075
906 1110
906 1375
906 1688
906 1746
906 1877
908 1274
908 1465
908 1806
912 1776
913 1377
913 1688
915 1110
915 1155
915 1294
915 1636
916 1047
916 1211
916 1483
916 1610
916 1665
916 1752
916 1796
916 1809
916 1823
916 1888
917 969
917 984
917 1007
917 1183
917 1246
917 1299
917 1371
917 1429
917 1536
917 1725
917 1828
917 1893
919 942
919 1582
919 1820
921 1078
921 1135
921 1195
921 1509
921 1570
921 1891
922 1626
923 961
924 1000
924 1159
924 1228
924 1412
924 1876
925 1047
925 1075
925 1112
925 1126
925 1172
925 1209
925 1323
925 1375
925 1377
925 1420
925 1516
925 1551
925 1563
925 1608
925 1613
925 1668
925 1721
925 1813
925 1886
927 1329
927 1377
927 1513
927 1675
927 1736
930 1122
930 1294
930 1514
930 1679
931 1694
931 1743
931 1831
932 997
932 1056
932 1370
932 1571
932 1675
932 1754
932 1775
933 1103
933 1573
933 1706
934 1076
934 1390
934 1467
934 1603
934 1714
934 1721
934 1793
934 1902
937 1106
937 1785
938 1314
938 1548
938 1747
938 1837
938 1895
939 1829
940 1221
941 942
941 954
941 1404
941 1406
941 1582
941 1706
941 1820
942 971
942 1032
942 1282
942 1406
944 1070
944 1756
944 1876
945 1406
946 1028
946 1196
946 1367
946 1376
946 1377
946 1449
946 1516
946 1610
946 1619
946 1730
946 1737
946 1753
946 1757
946 1782
946 1799
946 1902
947 978
947 1305
947 1391
947 1420
947 1589
947 1590
947 1610
947 1621
947 1750
947 1827
947 1864
948 1080
948 1332
948 1358
949 1189
950 1410
950 1537
951 1327
951 1687
952 1028
952 1377
952 1554
952 1608
952 1735
952 1736
952 1757
953 1205
953 1361
953 1530
953 1613
953 1662
953 1685
953 1736
953 1793
953 1809
953 1849
954 1120
954 1277
954 1781
955 1197
956 1403
957 1170
957 1231
957 1298
957 1392
957 1576
958 1319
958 1895
959 972
959 1039
959 1205
959 1456
960 997
960 1024
960 1068
960 1091
960 1101
960 1125
960 1207
960 1488
960 1622
960 1809
962 1210
963 1314
963 1452
963 1733
963 1837
964 1469
964 1624
964 1876
965 1304
966 1006
966 1083
966 1153
966 1163
966 1211
966 1714
966 1717
966 1793
966 1809
966 1816
966 1832
966 1849
966 1886
967 1026
967 1243
967 1334
967 1352
967 1522
967 1685
967 1843
968 1334
968 1436
969 1282
969 1742
969 1786
970 1615
971 1247
971 1732
973 1327
973 1883
974 1010
974 1640
975 1292
975 1459
975 1462
975 1583
976 1882
977 1225
978 1076
978 1205
978 1269
978 1522
978 1554
978 1804
980 995
980 1047
980 1146
980 1367
980 1570
980 1663
980 1714
980 1746
980 1768
980 1833
980 1845
980 1888
981 1060
981 1067
981 1192
981 1231
981 1462
982 1006
982 1040
982 1302
982 1457
982 1589
982 1610
982 1714
982 1856
983 1153
983 1456
983 1809
983 1810
983 1888
984 1032
984 1166
984 1273
984 1396
984 1502
984 1729
984 1742
985 1000
986 1536
988 1298
988 1303
988 1322
988 1873
988 1899
989 1104
989 1227
989 1628
989 1661
990 1419
990 1656
990 1666
990 1674
990 1726
990 2760
990 3164
992 1333
992 1733
992 1787
992 1837
993 1026
993 1048
993 1086
993 1149
993 1209
993 1267
993 1312
993 1390
993 1460
993 1509
993 1530
993 1554
993 1559
993 1609
993 1730
993 1835
994 1067
995 1201
995 1214
995 1274
995 1419
995 1540
995 1651
996 1860
997 1083
997 1222
997 1255
997 1331
997 1551
997 1571
999 1076
999 1132
999 1172
999 1399
999 1439
999 1551
999 1554
999 1584
1000 1134
1001 1207
1003 1054
1003 1272
1003 1516
1003 1540
1003 1557
1003 1600
1003 1737
1003 1765
1003 1816
1003 1827
1004 1076
1004 1079
1004 1101
1004 1149
1004 1181
1004 1198
1004 1209
1004 1339
1004 1437
1004 1471
1004 1480
1004 1539
1004 1621
1004 1721
1004 1750
1004 1796
1004 1819
1004 1888
1005 1213
1005 1469
1006 1059
1006 1125
1006 1130
1006 1163
1006 1175
1006 1207
1006 1211
1006 1256
1006 1289
1006 1331
1006 1336
1006 1341
1006 1398
1006 1522
1006 1530
1006 1559
1006 1600
1006 1610
1006 1702
1006 1730
1006 1736
1006 1902
1008 1911
1009 1104
1009 1148
1009 1257
1009 1261
1009 1277
1009 1324
1009 1636
1009 1786
1009 1903
1010 1275
1010 1308
1010 1640
1011 1041
1011 1109
1011 1348
1012 1237
1012 1616
1012 1692
1012 1886
1013 1109
1014 1067
1014 1102
1014 1129
1014 1281
1014 1406
1014 1451
1014 1573
1014 1611
1014 1706
1014 1857
1015 1129
1016 1889
1017 1250
1017 1289
1017 1331
1017 1352
1017 1431
1017 1471
1017 1501
1017 1516
1017 1551
1017 1685
1017 1714
1017 1730
1017 1823
1017 1849
1018 1166
1018 1277
1018 1324
1019 1060
1019 1227
1019 1257
1019 1315
1019 1479
1019 1591
1020 1277
1020 1324
1020 1451
1020 1454
1021 1120
1021 1231
1022 1650
1023 1445
1024 1126
1024 1256
1024 1271
1024 1352
1024 1431
1024 1488
1024 1516
1024 1530
1024 1668
1024 1800
1024 1839
1024 1863
1025 1696
1026 1028
1026 1155
1026 1312
1026 1810
1028 1329
1028 1632
1028 1730
1028 1888
1029 1173
1029 1214
1029 1220
1029 1222
1029 1377
1029 1460
1029 1608
1029 1768
1029 1842
1032 1081
1032 1316
1032 1382
1032 1396
1032 1661
1033 1615
1033 1687
1035 1109
1036 1067
1036 1100
1036 1647
1037 1650
1037 1770
1037 1876
1039 1271
1039 1809
1040 1288
1040 1331
1040 1456
1040 1542
1040 1898
1040 1900
1041 1052
1041 1338
1041 1482
1041 1541
1042 1536
1044 1583
1047 1290
1047 1377
1047 1557
1047 1663
1048 1230
1048 1269
1048 1329
1048 1449
1048 1553
1048 1554
1048 1563
1048 1589
1048 1622
1048 1724
1048 1791
1048 1864
1049 1116
1049 1209
1049 1230
1049 1269
1049 1376
1049 1416
1049 1554
1051 1152
1051 1188
1051 1876
1052 1217
1052 1408
1052 1496
1052 1634
1052 1686
1052 1895
1052 1897
1053 1183
1054 1110
1054 1242
1054 1613
1054 1659
1054 1795
1055 1544
1056 1238
1056 1290
1056 1323
1056 1329
1056 1551
1056 1712
1056 1791
1056 1842
1059 1078
1059 1086
1059 1184
1059 1198
1059 1339
1059 1375
1059 1491
1059 1509
1059 1570
1059 1584
1059 1685
1059 1689
1059 1712
1059 1816
1060 1067
1060 1475
1060 1515
1060 1859
1063 1238
1064 1453
1064 1596
1064 1901
1066 1261
1066 1324
1066 1742
1066 1824
1067 1204
1067 1229
1067 1231
1067 1277
1067 1841
1067 1871
1068 1712
1068 1823
1068 1839
1068 1881
1069 1431
1069 1488
1070 1306
1070 1310
1070 1448
1070 1482
1070 1529
1072 1169
1072 1226
1072 1681
1073 1325
1074 1341
1074 1730
1074 1736
1074 1768
1075 1250
1075 1407
1075 1600
1075 1659
1075 1688
1075 1813
1075 1827
1076 1199
1076 1256
1076 1330
1076 1377
1076 1467
1076 1532
1076 1610
1076 1612
1077 1337
1077 1858
1078 1117
1078 1132
1078 1173
1078 1175
1078 1255
1078 1288
1078 1341
1078 1380
1078 1456
1078 1522
1078 1542
1078 1584
1078 1612
1078 1675
1078 1707
1078 1721
1078 1730
1078 1753
1078 1809
1078 1835
1078 1861
1078 1879
1079 1184
1079 1267
1079 1331
1079 1365
1079 1416
1079 1612
1079 1623
1079 1653
1079 1689
1079 1793
1079 1888
1080 1155
1080 1358
1080 1427
1080 1464
1080 1473
1080 1616
1080 1673
1081 1751
1082 1257
1082 1277
1082 1284
1082 1322
1082 1379
1082 1404
1082 1611
1082 1873
1083 1199
1083 1207
1083 1370
1083 1402
1083 1483
1083 1559
1083 1589
1083 1714
1083 1736
1084 1470
1085 1328
1085 1420
1085 1588
1085 1705
1085 1719
1085 3872
1086 1117
1086 1211
1086 1250
1086 1367
1086 1370
1086 1391
1086 1416
1086 1517
1086 1632
1086 1679
1086 1754
1086 1789
1086 1800
1086 1868
1086 1888
1088 1193
1088 1421
1088 1803
1091 1456
1092 1199
1092 1485
1092 1559
1092 1589
1092 1864
1094 1343
1094 1831
1097 1363
1097 1733
1098 1140
1098 1187
1098 1317
1098 1553
1098 1705
1099 1273
1099 1324
1099 1751
1099 1783
1099 1824
1100 1229
1100 1292
1100 1583
1100 1591
1100 1628
1100 1647
1100 1857
1101 1126
1101 1256
1101 1289
1101 1335
1101 1341
1101 1398
1101 1610
1101 1746
1101 1752
1101 1845
1101 1868
1102 1166
1102 1309
1102 1495
1103 1794
1104 1221
1104 1436
1104 1448
1104 1473
1104 1479
1104 1573
1104 1578
1104 1764
1104 1794
1104 1899
1106 1131
1106 1273
1106 1311
1107 1191
1107 1211
1107 1367
1107 1456
1107 1458
1107 1460
1107 1516
1107 1522
1107 1538
1107 1563
1107 1610
1107 1622
1107 1662
1107 1668
1107 1793
1107 1809
1107 1810
1107 1864
1108 1235
1108 1373
1108 1396
1109 1681
1110 1312
1110 1540
1110 1688
1110 1791
1110 1845
1111 1788
1112 1250
1112 1255
1112 1375
1112 1620
1112 1827
1113 1210
1113 1294
1113 1318
1113 1464
1113 1473
1113 1602
1113 1766
1113 1767
1113 1870
1114 1263
1114 1487
1114 1616
1115 1235
1115 1277
1115 1647
1116 1484
1117 1199
1117 1222
1117 1263
1117 1388
1117 1456
1117 1551
1117 1559
1117 1610
1117 1637
1117 1746
1117 1842
1117 1861
1118 1186
1120 1204
1120 1292
1120 1315
1120 1379
1120 1462
1120 1899
1121 1744
1123 1125
1123 1153
1123 1175
1123 1256
1123 1272
1123 1391
1123 1501
1123 1668
1123 1845
1124 1149
1124 1180
1124 1255
1124 1458
1124 1542
1124 1637
1124 1675
1124 1911
1125 1211
1125 1335
1125 1390
1125 1471
1125 1480
1125 1522
1125 1620
1125 1757
1125 1842
1125 1864
1126 1128
1126 1195
1126 1272
1126 1323
1126 1352
1126 1399
1126 1431
1126 1467
1126 1598
1126 1678
1126 1714
1126 1721
1126 1757
1126 1765
1126 1827
1126 1833
1127 1725
1128 1291
1128 1516
1128 1575
1128 1589
1128 1724
1128 1750
1129 1158
1129 1257
1129 1596
1130 1132
1130 1175
1130 1271
1130 1547
1131 1260
1132 1509
1132 1530
1132 1604
1132 1621
1132 1721
1132 1750
1132 1809
1132 1863
1132 1868
1133 1471
1135 1352
1135 1376
1135 1516
1135 1663
1136 1494
1136 1555
1136 1615
1137 1232
1137 1319
1139 1170
1140 1505
1141 1308
1141 1709
1141 1725
1142 1602
1143 1418
1144 1251
1144 1360
1144 1676
1146 1173
1146 1243
1146 1250
1146 1255
1146 1377
1146 1399
1146 1509
1146 1768
1148 1190
1148 1284
1148 1292
1148 1576
1148 1591
1148 1647
1148 1899
1149 1267
1149 1516
1149 1752
1149 1819
1149 1827
1150 1656
1152 1373
1153 1199
1153 1207
1153 1289
1153 1380
1153 1480
1153 1604
1153 1772
1153 1796
1153 1826
1153 1868
1155 1506
1155 1631
1156 1375
1156 1399
1156 1456
1156 1470
1156 1488
1156 1589
1156 1612
1156 1730
1156 1746
1156 1888
1158 1628
1159 1228
1159 1473
1159 1507
1160 1180
1160 1191
1160 1352
1160 1736
1160 1861
1161 1327
1161 1656
1161 1702
1162 1831
1163 1181
1163 1447
1163 1471
1163 1580
1163 1610
1163 1617
1163 1832
1164 1377
1165 1718
1165 1719
1166 1221
1166 1258
1166 1261
1166 1316
1166 1503
1166 1504
1166 1725
1166 1742
1166 1828
1167 1241
1167 1260
1167 1299
1167 1703
1167 1709
1168 1667
1171 1534
1172 1201
1172 1399
1172 1409
1172 1431
1172 1535
1172 1584
1172 1663
1172 1721
1172 1868
1173 1191
1173 1359
1173 1389
1173 1605
1173 1608
1173 1663
1173 1674
1173 1730
1173 1811
1174 1676
1175 1196
1175 1265
1175 1352
1175 1557
1175 1590
1175 1608
1175 1620
1175 1644
1175 1652
1175 1768
1175 1809
1175 1891
1177 1436
1177 1889
1179 1349
1179 1357
1179 1631
1179 1645
1179 1692
1180 1222
1180 1598
1180 1804
1180 1868
1181 1211
1181 1589
1181 1623
1181 1643
1181 1683
1181 1689
1182 1243
1182 1329
1182 1376
1182 1554
1182 1612
1182 1669
1182 1753
1182 1757
1183 1217
1183 1472
1183 1876
1184 1255
1184 1267
1184 1416
1184 1538
1184 1559
1184 1617
1184 1662
1184 1685
1184 1737
1184 1789
1184 1823
1185 1416
1185 1449
1185 1456
1185 1516
1185 1563
1185 1597
1185 1622
1185 1685
1185 1736
1185 1750
1185 1757
1185 1799
1185 1849
1185 1868
1187 1698
1188 1308
1188 1338
1189 1415
1189 1667
1190 1379
1190 1786
1191 1195
1191 1230
1191 1323
1191 1376
1191 1399
1191 1407
1191 1517
1191 1570
1191 1571
1191 1736
1192 1345
1192 1479
1192 1680
1193 1585
1194 1492
1195 1255
1195 1329
1195 1467
1195 1594
1195 1621
1196 1272
1196 1467
1196 1799
1198 1431
1198 1612
1198 1768
1199 1219
1199 1288
1199 1335
1199 1351
1199 1377
1199 1399
1199 1431
1199 1457
1199 1563
1199 1584
1199 1621
1199 1668
1199 1712
1199 1723
1199 1804
1199 1849
1199 1898
1201 1600
1201 1768
1201 1772
1202 1268
1203 1360
1204 1277
1204 1303
1204 1347
1204 1841
1205 1288
1205 1517
1205 1570
1205 1663
1205 1741
1207 1370
1207 1584
1207 1712
1207 1832
1209 1367
1209 1431
1209 1554
1209 1600
1209 1888
1210 1320
1210 1565
1210 1671
1210 1766
1210 1778
1211 1390
1211 1538
1211 1589
1211 1613
1211 1737
1211 1741
1211 1804
1211 1849
1212 1356
1213 1415
1214 1335
1214 1370
1214 1598
1214 1662
1214 1712
1214 1789
1214 1791
1214 1823
1214 1839
1214 1863
1215 1587
1215 1742
1216 1314
1216 1733
1217 1334
1217 1364
1217 1435
1217 1444
1217 1453
1217 1536
1217 1540
1217 1658
1217 1910
1218 1499
1219 1351
1219 1553
1219 1610
1219 1665
1219 1730
1219 1768
1219 1813
1219 1827
1221 1286
1221 1350
1221 1504
1221 1529
1221 1569
1221 1830
1222 1272
1222 1336
1222 1393
1222 1551
1222 1603
1222 1613
1222 1622
1222 1717
1223 1724
1223 1794
1225 1536
1226 1709
1226 1847
1227 1502
1227 1550
1227 1899
1229 1279
1230 1437
1230 1563
1231 1350
1231 1459
1231 1728
1231 1899
1232 1798
1235 1284
1235 1322
1235 1413
1235 1414
1235 1436
1235 1636
1235 1655
1235 1764
1235 1872
1236 1366
1236 1482
1236 1815
1237 1358
1237 1420
1237 1427
1237 1473
1237 1692
1238 1370
1238 1391
1238 1402
1238 1409
1238 1420
1238 1551
1238 1768
1238 1842
1238 1898
1239 1721
1239 1845
1241 1850
1242 1340
1242 1554
1242 1584
1242 1714
1242 1861
1243 1399
1243 1483
1243 1509
1243 1643
1243 1765
1243 1861
1243 1902
1244 1428
1245 1783
1246 1366
1246 1418
1247 1503
1247 1807
1247 1885
1248 1725
1250 1399
1250 1554
1250 1746
1250 1757
1250 1810
1250 1861
1251 1421
1255 1352
1255 1361
1255 1520
1255 1554
1255 1589
1255 1608
1255 1617
1255 1622
1255 1669
1255 1799
1255 1891
1256 1289
1256 1351
1256 1388
1256 1458
1256 1471
1256 1610
1256 1613
1256 1619
1256 1863
1256 1888
1257 1292
1257 1345
1257 1432
1258 1435
1258 1658
1259 1504
1259 1904
1260 1275
1260 1338
1260 1469
1260 1709
1260 1815
1261 1324
1261 1454
1261 1508
1261 1515
1261 1638
1265 1782
1266 1585
1267 1376
1267 1467
1267 1509
1267 1590
1267 1761
1267 1849
1269 1334
1269 1377
1269 1467
1269 1554
1269 1570
1269 1617
1269 1685
1269 1754
1269 1768
1269 1782
1271 1330
1271 1559
1271 1584
1271 1605
1271 1714
1271 1816
1272 1402
1272 1420
1272 1513
1272 1590
1272 1800
1272 1836
1273 1286
1273 1373
1273 1432
1273 1786
1273 1850
1273 1893
1274 1593
1275 1299
1275 1366
1275 1472
1275 1525
1275 1536
1275 1815
1277 1303
1277 1414
1277 1417
1277 1462
1277 1515
1277 1647
1277 1812
1277 1862
1277 1875
1277 1903
1278 1367
1278 1524
1279 1345
1279 1404
1279 1448
1279 1728
1280 1359
1280 1447
1280 1570
1280 1637
1280 1662
1280 1674
1280 1839
1280 1902
1281 1638
1281 1783
1282 1303
1282 1309
1282 1396
1282 1751
1282 1786
1283 1321
1283 1477
1284 1423
1284 1691
1285 1665
1285 1793
1285 1879
1287 1352
1287 1367
1287 1370
1287 1557
1287 1589
1287 1746
1287 1757
1287 1833
1287 1864
1288 1335
1288 1622
1288 1663
1288 1826
1288 1833
1289 1584
1289 1668
1289 1795
1289 1823
1289 1888
1290 1570
1290 1609
1290 1620
1290 1754
1291 1530
1291 1584
1291 1597
1291 1746
1291 1754
1291 1791
1291 1827
1291 1835
1292 1550
1292 1591
1292 1611
1292 1783
1292 1841
1292 1899
1293 1331
1293 1335
1293 1488
1293 1554
1293 1613
1293 1621
1293 1835
1296 1525
1296 1694
1298 1322
1298 1379
1298 1459
1298 1628
1300 1374
1300 1645
1302 1491
1302 1665
1302 1669
1302 1714
1302 1833
1302 1835
1303 1742
1303 1824
1305 1516
1305 1524
1305 1590
1305 1663
1307 1687
1308 1472
1309 1495
1309 1515
1309 1720
1309 1848
1310 1366
1310 1504
1310 1703
1311 1472
1312 1613
1312 1621
1312 1718
1312 1835
1313 1694
1315 1322
1315 1462
1315 1647
1317 1656
1317 1838
1318 1565
1318 1744
1319 1371
1319 1747
1320 1374
1320 1427
1320 1574
1320 1767
1322 1438
1322 1583
1322 1716
1322 1873
1323 1389
1323 1637
1324 1382
1324 1454
1324 1628
1324 1742
1327 1520
1327 1618
1327 1683
1327 1819
1327 1836
1327 1852
1327 1911
1329 1377
1329 1420
1329 1539
1329 1563
1329 1570
1329 1600
1329 1613
1329 1639
1329 1735
1329 1823
1330 1447
1330 1471
1330 1535
1330 1589
1330 1623
1330 1665
1330 1685
1330 1804
1331 1390
1331 1409
1331 1608
1331 1612
1331 1665
1331 1685
1331 1804
1331 1823
1332 1446
1332 1882
1332 1901
1333 1784
1334 1420
1334 1509
1334 1520
1334 1559
1334 1761
1334 1827
1335 1390
1335 1391
1335 1399
1335 1584
1335 1589
1336 1449
1336 1714
1337 1352
1337 1813
1338 1624
1338 1699
1338 1709
1338 1785
1338 1815
1339 1584
1339 1613
1339 1623
1339 1689
1339 1735
1339 1736
1339 1750
1339 1789
1339 1796
1339 1819
1339 1826
1339 1879
1340 1375
1340 1538
1340 1612
1340 1623
1340 1827
1341 1393
1341 1467
1341 1530
1341 1598
1341 1619
1341 1668
1341 1714
1341 1886
1343 1525
1343 1630
1343 1694
1343 1831
1343 1910
1344 1375
1344 1622
1344 1623
1344 1721
1344 1737
1344 1888
1345 1413
1345 1459
1345 1611
1345 1628
1345 1655
1345 1716
1347 1583
1347 1636
1347 1661
1347 1727
1347 1786
1347 1899
1348 1482
1348 1541
1349 1574
1349 1743
1349 1763
1350 1862
1351 1391
1351 1437
1351 1547
1351 1610
1351 1612
1351 1712
1352 1369
1352 1590
1352 1603
1352 1609
1352 1685
1352 1810
1352 1819
1355 1473
1356 1443
1358 1425
1358 1446
1358 1473
1358 1545
1358 1692
1358 1694
1358 1695
1358 1740
1358 1882
1359 1361
1359 1470
1359 1570
1359 1754
1359 1811
1359 1835
1360 1511
1360 1588
1360 1847
1361 1402
1361 1409
1361 1557
1361 1603
1361 1604
1361 1707
1361 1741
1361 1843
1364 1435
1364 1569
1365 1530
1365 1842
1366 1634
1366 1767
1367 1380
1367 1524
1367 1597
1367 1618
1367 1644
1367 1737
1367 1833
1367 1835
1369 1718
1370 1388
1370 1391
1370 1447
1370 1456
1370 1522
1370 1542
1370 1589
1370 1600
1370 1741
1370 1826
1370 1898
1370 1900
1371 1895
1373 1396
1373 1582
1374 1599
1374 1694
1374 1767
1374 1844
1375 1557
1375 1737
1376 1390
1376 1399
1376 1405
1376 1485
1376 1639
1376 1730
1376 1737
1376 1765
1376 1782
1376 1816
1376 1823
1376 1826
1376 1879
1377 1431
1377 1522
1377 1528
1377 1535
1377 1539
1377 1597
1377 1600
1377 1604
1377 1717
1377 1723
1377 1765
1377 1791
1377 1800
1377 1891
1377 1898
1378 1468
1380 1388
1380 1420
1380 1888
1381 1628
1381 1857
1382 1396
1383 1909
1385 1545
1388 1483
1388 1598
1388 1662
1388 1707
1388 1741
1389 1675
1389 1804
1389 1843
1389 1898
1390 1457
1390 1659
1390 1736
1390 1789
1390 1793
1390 1795
1390 1823
1391 1447
1391 1488
1391 1509
1391 1522
1391 1730
1391 1754
1391 1813
1391 1827
1392 1628
1393 1730
1393 1754
1393 1902
1395 1909
1396 1454
1396 1661
1398 1538
1398 1612
1399 1437
1399 1563
1399 1605
1399 1707
1399 1712
1399 1800
1399 1810
1399 1845
1399 1867
1399 1902
1400 1512
1401 1833
1402 1622
1402 1746
1402 1826
1403 1889
1404 1573
1404 1583
1404 1720
1405 1509
1405 3001
1405 3404
1406 1742
1408 1897
1409 1571
1409 1712
1409 1722
1409 1827
1410 1494
1412 1500
1413 1462
1413 1495
1413 1841
1414 1862
1415 1469
1415 1725
1416 1456
1416 1471
1416 1480
1416 1524
1416 1600
1416 1620
1416 1707
1416 1714
1416 1721
1416 1796
1416 1800
1416 1879
1418 1830
1419 1702
1419 1843
1420 1551
1420 1669
1420 1782
1420 1833
1420 1888
1421 1705
1421 1803
1423 1462
1423 1502
1423 1628
1423 1903
1426 1448
1426 1573
1426 1790
1427 1515
1427 1645
1429 1515
1429 1526
1429 1704
1429 1828
1431 1449
1431 1547
1431 1564
1431 1584
1431 1619
1431 1620
1431 1621
1431 1730
1431 1761
1431 1839
1431 1845
1431 1905
1432 1495
1432 1841
1432 1857
1434 1441
1435 1444
1435 1597
1435 1717
1435 1800
1435 1819
1435 1897
1436 1575
1436 1727
1436 1881
1437 1605
1437 1721
1437 1902
1438 1628
1439 1804
1440 1523
1440 1537
1440 1590
1440 1865
1443 1910
1444 1500
1446 1565
1447 1458
1447 1580
1447 1584
1447 1632
1447 1662
1447 1721
1447 1741
1447 1835
1447 1843
1447 1888
1447 1902
1449 1547
1449 1589
1449 1619
1449 1668
1449 1707
1449 1736
1449 1757
1449 1782
1449 1833
1449 1836
1449 1852
1451 1786
1451 1894
1452 1548
1452 1733
1454 1729
1454 1783
1454 1875
1455 1473
1456 1557
1456 1619
1456 1772
1456 1789
1456 1804
1456 1832
1456 1888
1457 1610
1457 1612
1457 1622
1458 1769
1459 1462
1459 1576
1459 1649
1459 1682
1459 1841
1460 1480
1460 1622
1460 1637
1462 1647
1462 1862
1462 1873
1463 1789
1465 1912
1465 2065
1465 2102
1465 2149
1465 2187
1465 2198
1465 2266
1465 2327
1465 2368
1465 2597
1465 2598
1465 2649
1467 1707
1467 1714
1467 1782
1467 1823
1467 1835
1469 1667
1469 1783
1470 1551
1470 1637
1470 1768
1470 1813
1471 1538
1471 1547
1471 1563
1471 1741
1471 1772
1471 1827
1471 1886
1471 1898
1472 1525
1472 1725
1472 1807
1473 1536
1473 1574
1474 1840
1475 1636
1475 1706
1475 1742
1475 1893
1476 1527
1476 1642
1477 1585
1478 1545
1478 1671
1479 1576
1479 1611
1479 1691
1480 1619
1480 1752
1480 1774
1480 1863
1481 1633
1481 1783
1482 1630
1482 1709
1483 1605
1483 1707
1483 1888
1484 1888
1485 1554
1485 1730
1485 1799
1485 1835
1488 1621
1488 1662
1488 1665
1488 1714
1488 1810
1488 1823
1488 1836
1488 1868
1489 1503
1489 1704
1491 1712
1491 1714
1491 1752
1491 1793
1491 1810
1491 1813
1493 1548
1495 1729
1497 1671
1497 1831
1498 1827
1501 1909
1502 1649
1502 1786
1502 1850
1504 1770
1504 1785
1504 1904
1505 1534
1505 1656
1505 2826
1505 2968
1505 3019
1505 3278
1505 3409
1507 1876
1509 1516
1509 1528
1509 1589
1509 1590
1509 1622
1509 1663
1509 1842
1511 1555
1511 1676
1513 1528
1513 1622
1513 1782
1514 1645
1514 1679
1514 1744
1515 1848
1516 1530
1516 1598
1516 1600
1516 1622
1516 1623
1516 1669
1516 1736
1516 1793
1516 1826
1516 1879
1517 1580
1519 1768
1520 1551
1520 1613
1520 1669
1520 1750
1520 1800
1520 1816
1522 1621
1522 1842
1522 1877
1523 1659
1523 1663
1523 1835
1524 1800
1525 1541
1525 1686
1525 1781
1527 1852
1528 1609
1528 1620
1528 1663
1530 1721
1531 1543
1531 1876
1532 1623
1534 2979
1534 3278
1535 1551
1535 1559
1535 1842
1536 1629
1536 1630
1536 1738
1537 1806
1538 1623
1538 1653
1538 1665
1538 1717
1538 1750
1538 1810
1538 1888
1539 1559
1539 1603
1539 1683
1539 1768
1539 1795
1540 1652
1540 1669
1540 1800
1540 1813
1540 1867
1542 1598
1542 1816
1542 1832
1542 1868
1542 1902
1545 1743
1547 1589
1547 1721
1547 1832
1548 1648
1548 1802
1549 1574
1550 1573
1550 1647
1551 1639
1551 1736
1551 1746
1551 1809
1551 1826
1551 1835
1554 1600
1554 1609
1554 1621
1554 1734
1554 1757
1554 1811
1555 1719
1556 1789
1557 1600
1557 1612
1557 1653
1557 1736
1557 1796
1557 1799
1557 1827
1559 1563
1559 1604
1559 1610
1559 1637
1559 1639
1559 1827
1559 1833
1559 1879
1563 1603
1563 1730
1563 1768
1563 1852
1564 1905
1565 1606
1566 1680
1567 1588
1567 1698
1568 1648
1568 1895
1569 1591
1569 1862
1570 1600
1570 1621
1570 1768
1571 1662
1571 1833
1571 1879
1572 1827
1573 1587
1573 1682
1573 1716
1573 1899
1576 1596
1576 1720
1577 2010
1577 2062
1577 2169
1577 2239
1577 2247
1577 2273
1577 2319
1577 2461
1577 2463
1577 2516
1577 2547
1577 2589
1577 2594
1578 1628
1578 1638
1580 1707
1580 1746
1580 1842
1582 1820
1583 1595
1583 1647
1583 1841
1583 1872
1583 1899
1583 1903
1584 1612
1584 1621
1584 1658
1584 1804
1584 1807
1584 1816
1584 1827
1584 1864
1585 1779
1587 1596
1587 1647
1588 1806
1589 1662
1589 1735
1589 1752
1589 1753
1589 1800
1589 1823
1589 1833
1589 1839
1589 1845
1589 1891
1589 1902
1590 1612
1590 1643
1590 1736
1590 1793
1590 1804
1590 1819
1590 1835
1590 1851
1590 1863
1590 1902
1591 1720
1591 1862
1593 1787
1593 1825
1595 1729
1596 1680
1596 1841
1596 1884
1597 1737
1597 1800
1597 1879
1598 1639
1598 1741
1598 1757
1598 1849
1598 1868
1598 1886
1598 1898
1600 1663
1600 1669
1600 1721
1600 1724
1600 1879
1600 1888
1601 1733
1603 1612
1603 1619
1603 1685
1603 1721
1603 1804
1604 1804
1604 1816
1604 1818
1604 1868
1605 1685
1605 1800
1608 1622
1608 1753
1608 1772
1608 1823
1609 1730
1610 1736
1610 1757
1610 1799
1611 1655
1611 1862
1611 1899
1612 1619
1612 1663
1612 1737
1612 1795
1612 1819
1612 1891
1613 1795
1613 1835
1614 1799
1614 1846
1614 1888
1615 1687
1616 1671
1617 1793
1617 1849
1619 1662
1619 1832
1619 1886
1620 1622
1620 1646
1620 1688
1620 1800
1620 1867
1621 1741
1621 1746
1622 1653
1622 1669
1622 1683
1622 1707
1622 1730
1625 1763
1626 1851
1626 1858
1628 1720
1629 1784
1629 1837
1630 1658
1632 1888
1633 1699
1635 1691
1635 1903
1636 1715
1636 1716
1636 1742
1637 1639
1637 1643
1637 1835
1637 1851
1638 1661
1639 1683
1639 1730
1639 1768
1641 1803
1641 1866
1643 1714
1644 1750
1644 1823
1645 1677
1645 1694
1646 1675
1649 1732
1649 1742
1649 1783
1650 1727
1652 1724
1653 1717
1653 1757
1653 1867
1654 1767
1656 3097
1656 3164
1658 1881
1659 1717
1659 1861
1661 1680
1661 1706
1661 1742
1661 1824
1662 1730
1662 1772
1662 1789
1662 1796
1662 1809
1662 1842
1663 1665
1663 1707
1663 1819
1663 1826
1663 1842
1664 1876
1665 1799
1665 1868
1665 1898
1665 1902
1666 1726
1666 3289
1668 1683
1668 1717
1668 1839
1668 1898
1669 1746
1669 1811
1671 1763
1671 1844
1671 1881
1671 1910
1672 1855
1672 1869
1673 1767
1675 1753
1675 1888
1677 1844
1677 1870
1678 1847
1680 1893
1682 1903
1683 1761
1683 1795
1683 1800
1683 1813
1684 2700
1684 2709
1684 2721
1684 2724
1684 2735
1684 2751
1684 2764
1684 2770
1684 2771
1684 2774
1684 2777
1684 2794
1684 2798
1684 2804
1684 2808
1684 2812
1684 2827
1684 2831
1684 2851
1684 2859
1684 2862
1684 2873
1684 2880
1684 2881
1684 2888
1684 2892
1684 2900
1684 2902
1684 2904
1684 2945
1684 2981
1684 2995
1684 2996
1684 3015
1684 3017
1684 3029
1684 3049
1684 3067
1684 3069
1684 3085
1684 3088
1684 3101
1684 3103
1684 3146
1684 3156
1684 3161
1684 3163
1684 3164
1684 3173
1684 3219
1684 3229
1684 3233
1684 3241
1684 3251
1684 3252
1684 3253
1684 3255
1684 3257
1684 3271
1684 3285
1684 3287
1684 3318
1684 3328
1684 3331
1684 3338
1684 3340
1684 3343
1684 3345
1684 3355
1684 3358
1684 3379
1684 3420
1685 1768
1685 1835
1686 1703
1686 1876
1688 1827
1688 1881
1689 1746
1689 1796
1689 1809
1689 1827
1689 1891
1691 1716
1692 1724
1694 1740
1698 1806
1700 1827
1702 1845
1702 1865
1704 1850
1706 1893
1707 1735
1707 1793
1707 1823
1707 1842
1707 1864
1709 1831
1712 1761
1712 1789
1712 1833
1712 1849
1714 1730
1714 1735
1714 1746
1714 1795
1714 1867
1714 1886
1715 1716
1715 1859
1715 1873
1716 1862
1717 1768
1717 1800
1717 1816
1717 1819
1718 1863
1718 1912
1718 2032
1718 2102
1718 2143
1718 2153
1718 2185
1718 2451
1718 2529
1718 2582
1718 2588
1718 2589
1718 2629
1719 1825
1721 1795
1721 1816
1721 1819
1721 1827
1723 1839
1725 1906
1726 3385
1728 1764
1730 1799
1730 1813
1730 1835
1730 1849
1733 1784
1734 1888
1735 1761
1736 1750
1736 1816
1736 1849
1738 1807
1739 1876
1741 1746
1741 1809
1746 1793
1746 1813
1747 1880
1750 1761
1750 1819
1750 1902
1751 1786
1751 1828
1751 1894
1752 1861
1752 1867
1752 1886
1752 1891
1753 1769
1753 1835
1753 1845
1757 1761
1757 1804
1757 1816
1757 1827
1758 1837
1761 1799
1761 1800
1761 1810
1761 1897
1765 1779
1768 1813
1768 1845
1768 1864
1768 1888
1768 1900
1772 1804
1772 1842
1778 1882
1779 1905
1781 1869
1782 1804
1783 1812
1784 1837
1786 1907
1787 1798
1789 1861
1789 1877
1789 1888
1790 1841
1791 1793
1791 1842
1793 1816
1794 1871
1794 1894
1795 1799
1797 1854
1799 1826
1800 1804
1800 1877
1800 1886
1802 1837
1802 1895
1804 1827
1804 1861
1804 1868
1804 1898
1806 1908
1809 1816
1810 1868
1812 1824
1813 1835
1813 1861
1813 1911
1816 1827
1816 1839
1816 1902
1819 1888
1820 1893
1823 1827
1823 1839
1823 1886
1824 1848
1826 1839
1827 1877
1835 1851
1835 1861
1839 1879
1839 1886
1841 1875
1844 1882
1844 1897
1846 1883
1858 1863
1862 1899
1870 1882
1872 1903
1904 1906
1912 1920
1912 1930
1912 1964
1912 1975
1912 1976
1912 1986
1912 1989
1912 1991
1912 1993
1912 2006
1912 2012
1912 2019
1912 2024
1912 2027
1912 2032
1912 2037
1912 2047
1912 2052
1912 2056
1912 2067
1912 2083
1912 2084
1912 2104
1912 2126
1912 2139
1912 2148
1912 2153
1912 2154
1912 2157
1912 2161
1912 2171
1912 2177
1912 2180
1912 2182
1912 2206
1912 2214
1912 2216
1912 2232
1912 2233
1912 2249
1912 2252
1912 2269
1912 2277
1912 2284
1912 2294
1912 2315
1912 2333
1912 2365
1912 2403
1912 2417
1912 2419
1912 2420
1912 2425
1912 2452
1912 2461
1912 2463
1912 2469
1912 2470
1912 2493
1912 2500
1912 2522
1912 2529
1912 2552
1912 2553
1912 2561
1912 2563
1912 2589
1912 2600
1912 2604
1912 2609
1912 2620
1912 2623
1912 2627
1912 2628
1912 2632
1912 2638
1912 2640
1912 2653
1913 2250
1913 2529
1914 1951
1914 2116
1914 2378
1914 2435
1914 2585
1914 2660
1916 2052
1916 2125
1916 2332
1916 2384
1916 2461
1916 2555
1917 2103
1917 2118
1917 2290
1917 2340
1917 2353
1917 2410
1917 2500
1917 2554
1917 2586
1917 2601
1917 2613
1917 2624
1917 2625
1918 1962
1918 2073
1918 2118
1918 2123
1918 2139
1918 2154
1918 2190
1918 2261
1918 2275
1918 2324
1918 2356
1918 2423
1918 2460
1918 2484
1918 2560
1918 2574
1918 2601
1918 2611
1919 1972
1919 2192
1919 2365
1919 2626
1919 2633
1919 2660
1920 2032
1920 2111
1920 2282
1920 2347
1920 2372
1920 2555
1920 2567
1920 2616
1921 2202
1921 2636
1921 2647
1923 2141
1923 2242
1923 2254
1923 2325
1925 1979
1925 1983
1925 1984
1925 2104
1925 2122
1925 2150
1925 2165
1925 2172
1925 2257
1925 2266
1925 2278
1925 2329
1925 2410
1925 2506
1925 2586
1926 2047
1926 2081
1926 2214
1926 2254
1926 2285
1926 2289
1926 2333
1926 2508
1926 2612
1927 2159
1927 2346
1927 2435
1927 2459
1928 2417
1928 2447
1928 2640
1929 1946
1929 2078
1929 2083
1929 2093
1929 2121
1929 2123
1929 2139
1929 2142
1929 2233
1929 2257
1929 2271
1929 2329
1929 2340
1929 2433
1929 2484
1929 2520
1929 2542
1929 2638
1930 2117
1931 1957
1931 1972
1931 2001
1931 2006
1931 2016
1931 2143
1931 2627
1932 2333
1932 2336
1932 2445
1932 2475
1932 2609
1932 2653
1933 2317
1934 2091
1934 2341
1934 2361
1935 2001
1935 2192
1935 2202
1936 2286
1938 1979
1938 2030
1938 2083
1938 2088
1938 2109
1938 2122
1938 2154
1938 2179
1938 2237
1938 2271
1938 2381
1938 2469
1938 2482
1938 2559
1938 2586
1939 2075
1939 2161
1939 2243
1939 2344
1939 2384
1939 2451
1939 2603
1939 2608
1939 2617
1940 2010
1940 2028
1940 2127
1940 2241
1940 2250
1940 2294
1940 2302
1940 2461
1940 2588
1940 2598
1941 1971
1941 2090
1941 2104
1941 2144
1941 2351
1941 2367
1941 2384
1941 2475
1941 2492
1941 2539
1941 2563
1941 2609
1941 2617
1941 2649
1942 2092
1942 2142
1942 2201
1942 2552
1943 1966
1943 2005
1943 2088
1943 2109
1943 2244
1943 2348
1943 2353
1943 2464
1943 2469
1943 2485
1943 2543
1943 2552
1943 2573
1943 2579
1943 2600
1943 2606
1944 2031
1944 2047
1944 2362
1944 2540
1945 1994
1945 2068
1945 2133
1945 2189
1945 2292
1945 2367
1945 2458
1945 2461
1945 2491
1945 2498
1945 2509
1945 2537
1945 2594
1946 1966
1946 1993
1946 2037
1946 2063
1946 2103
1946 2108
1946 2218
1946 2353
1946 2499
1946 2561
1946 2593
1946 2601
1946 2630
1947 1954
1947 1970
1947 2111
1947 2198
1947 2243
1947 2294
1947 2333
1947 2396
1947 2451
1947 2479
1947 2501
1947 2629
1947 2652
1948 2039
1948 2289
1948 2292
1948 2302
1948 2315
1948 2328
1948 2533
1948 2567
1949 2126
1949 2236
1950 2004
1951 2006
1951 2538
1951 2633
1952 2222
1952 2226
1952 2458
1953 1962
1953 2020
1953 2118
1953 2244
1953 2329
1953 2468
1953 2526
1953 2623
1954 2068
1954 2072
1954 2102
1954 2138
1954 2588
1954 2598
1955 2026
1955 2087
1955 2125
1955 2180
1955 2398
1955 2649
1956 2570
1957 1991
1957 2006
1957 2364
1957 2640
1957 2657
1958 2097
1958 2494
1958 2645
1958 2659
1959 2002
1959 2081
1959 2134
1959 2143
1959 2221
1959 2336
1959 2471
1960 2070
1960 2231
1960 2313
1962 2095
1962 2244
1962 2261
1962 2326
1962 2339
1962 2359
1962 2386
1962 2446
1962 2469
1962 2500
1962 2542
1962 2563
1962 2573
1962 2579
1962 2586
1962 2593
1962 2613
1963 1971
1963 2020
1963 2059
1963 2063
1963 2140
1963 2244
1963 2369
1963 2410
1963 2500
1963 2506
1964 2066
1964 2174
1964 2185
1964 2197
1964 2265
1964 2302
1964 2366
1964 2448
1964 2498
1966 1997
1966 2030
1966 2093
1966 2104
1966 2112
1966 2115
1966 2140
1966 2244
1966 2271
1966 2331
1966 2352
1966 2387
1966 2410
1966 2428
1966 2433
1966 2467
1966 2507
1966 2536
1966 2573
1966 2600
1966 2611
1966 2654
1968 1976
1968 2024
1968 2459
1968 2585
1970 2243
1970 2267
1970 2390
1971 2218
1971 2237
1971 2271
1971 2290
1971 2309
1971 2347
1971 2369
1971 2386
1971 2423
1971 2500
1971 2600
1971 2604
1972 1976
1972 2000
1972 2025
1972 2128
1972 2202
1972 2268
1972 2297
1972 2389
1972 2538
1972 2627
1972 2645
1972 2647
1973 1976
1973 2365
1973 2435
1973 2647
1974 2368
1975 2035
1975 2360
1975 2474
1975 2503
1976 2024
1976 2659
1977 2265
1977 2291
1978 2474
1979 1985
1979 2045
1979 2084
1979 2086
1979 2104
1979 2118
1979 2150
1979 2190
1979 2275
1979 2324
1979 2339
1979 2340
1979 2391
1979 2395
1979 2423
1979 2433
1979 2521
1979 2553
1979 2563
1979 2590
1979 2607
1979 2619
1979 2631
1980 1995
1980 2018
1980 2027
1980 2337
1980 2640
1981 2396
1981 2434
1982 2142
1983 2064
1983 2109
1983 2121
1983 2124
1983 2188
1983 2210
1983 2300
1983 2326
1983 2331
1983 2363
1983 2429
1983 2521
1983 2606
1983 2607
1983 2613
1984 2069
1984 2109
1984 2112
1984 2131
1984 2188
1984 2237
1984 2331
1984 2430
1984 2446
1984 2532
1984 2546
1984 2559
1984 2564
1984 2578
1984 2601
1984 2623
1985 2045
1985 2087
1985 2090
1985 2095
1985 2103
1985 2123
1985 2140
1985 2212
1985 2218
1985 2233
1985 2299
1985 2340
1985 2352
1985 2363
1985 2376
1985 2386
1985 2469
1985 2477
1985 2485
1985 2495
1985 2512
1985 2542
1985 2579
1985 2591
1985 2625
1985 2638
1986 2030
1986 2064
1986 2088
1986 2093
1986 2122
1986 2257
1986 2309
1986 2340
1986 2354
1986 2391
1986 2393
1986 2423
1986 2492
1986 2506
1986 2526
1986 2549
1986 2579
1987 2039
1987 2042
1987 2111
1987 2133
1987 2254
1987 2278
1987 2419
1988 2349
1988 2490
1988 2515
1989 2055
1989 2059
1989 2200
1989 2216
1989 2253
1989 2275
1989 2290
1989 2299
1989 2501
1989 2615
1990 2286
1991 2004
1993 2020
1993 2045
1993 2077
1993 2086
1993 2121
1993 2190
1993 2240
1993 2244
1993 2257
1993 2266
1993 2300
1993 2324
1993 2326
1993 2353
1993 2370
1993 2395
1993 2409
1993 2467
1993 2477
1993 2539
1993 2543
1993 2578
1993 2625
1993 2631
1993 2655
1994 2047
1994 2183
1994 2187
1994 2555
1994 2592
1994 2609
1995 2061
1995 2157
1995 2364
1996 2565
1997 2064
1997 2184
1997 2201
1997 2266
1997 2271
1997 2374
1997 2468
1997 2499
1997 2625
1997 2630
1997 2655
1998 2116
1998 2365
1998 2459
1998 2620
1999 2006
2000 2365
2000 2435
2001 2061
2001 2337
2001 2494
2001 2636
2001 2660
2002 2087
2002 2239
2002 2283
2002 2347
2002 2516
2002 2592
2003 2054
2003 2415
2004 2192
2004 2364
2004 2365
2004 2620
2004 2647
2005 2063
2005 2088
2005 2122
2005 2164
2005 2244
2005 2347
2005 2359
2005 2404
2005 2418
2005 2433
2005 2543
2005 2593
2006 2097
2006 2116
2006 2365
2006 2447
2007 2054
2007 2191
2007 2211
2007 2240
2007 2254
2007 2266
2007 2289
2007 2451
2007 2475
2007 2498
2009 2640
2010 2143
2010 2187
2010 2247
2010 2399
2010 2463
2010 2516
2010 2649
2011 2116
2011 2192
2011 2459
2011 2639
2011 2657
2012 2378
2014 2626
2016 2447
2017 2565
2018 2284
2018 2417
2019 2526
2020 2064
2020 2172
2020 2210
2020 2278
2020 2307
2020 2391
2020 2446
2020 2526
2020 2560
2020 2601
2021 2348
2021 2369
2022 2192
2022 2202
2022 2657
2023 2316
2024 2365
2024 2645
2024 2659
2025 2171
2025 2657
2026 2054
2026 2176
2026 2224
2026 2247
2026 2279
2026 2351
2026 2394
2026 2468
2026 2475
2026 2508
2026 2511
2026 2526
2026 2531
2026 2543
2026 2550
2026 2592
2027 2116
2027 2378
2027 2636
2028 2247
2028 2472
2028 2598
2028 2605
2029 2313
2029 2333
2029 2396
2029 2501
2030 2069
2030 2103
2030 2201
2030 2218
2030 2220
2030 2308
2030 2409
2030 2423
2030 2460
2030 2462
2030 2482
2030 2520
2030 2521
2030 2546
2030 2553
2030 2554
2030 2600
2030 2601
2030 2654
2030 2655
2031 2066
2031 2232
2031 2473
2031 2525
2032 2047
2032 2189
2032 2247
2032 2264
2032 2268
2032 2283
2032 2294
2032 2319
2032 2344
2032 2368
2032 2463
2032 2471
2033 2059
2033 2077
2033 2118
2033 2131
2033 2233
2033 2278
2033 2418
2033 2423
2033 2467
2033 2484
2033 2504
2033 2536
2033 2539
2033 2556
2033 2593
2033 2602
2034 2041
2035 2231
2037 2067
2037 2077
2037 2123
2037 2290
2037 2356
2037 2387
2037 2393
2037 2404
2037 2423
2037 2482
2037 2489
2037 2546
2037 2561
2037 2623
2038 2052
2038 2135
2038 2169
2038 2176
2038 2198
2038 2209
2038 2232
2038 2330
2038 2366
2039 2057
2039 2087
2039 2149
2039 2153
2039 2183
2039 2232
2039 2241
2039 2336
2039 2338
2039 2511
2039 2512
2039 2597
2040 2073
2040 2088
2040 2147
2040 2253
2040 2258
2040 2266
2040 2309
2040 2348
2040 2407
2040 2408
2040 2428
2040 2564
2040 2590
2040 2600
2040 2601
2040 2606
2040 2611
2040 2615
2040 2646
2041 2456
2042 2143
2042 2149
2042 2196
2042 2302
2042 2328
2042 2385
2042 2555
2042 2592
2043 2109
2043 2124
2043 2237
2043 2266
2043 2275
2043 2278
2043 2299
2043 2331
2043 2359
2043 2409
2043 2433
2043 2526
2043 2593
2043 2646
2044 2449
2044 2520
2044 2602
2045 2060
2045 2077
2045 2083
2045 2098
2045 2123
2045 2124
2045 2200
2045 2206
2045 2278
2045 2300
2045 2306
2045 2354
2045 2376
2045 2395
2045 2408
2045 2409
2045 2410
2045 2428
2045 2460
2045 2575
2046 2084
2046 2150
2046 2309
2046 2323
2046 2326
2046 2404
2047 2081
2047 2087
2047 2141
2047 2180
2047 2185
2047 2191
2047 2398
2047 2453
2047 2472
2047 2497
2047 2509
2048 2425
2049 2397
2049 2488
2050 2171
2050 2538
2052 2053
2052 2196
2052 2241
2052 2292
2052 2328
2052 2420
2052 2491
2052 2616
2052 2643
2053 2075
2053 2180
2053 2203
2053 2315
2053 2336
2053 2396
2053 2420
2053 2451
2053 2461
2053 2567
2053 2594
2053 2643
2054 2241
2054 2325
2054 2338
2054 2396
2054 2398
2054 2399
2054 2419
2054 2511
2054 2519
2055 2206
2055 2271
2055 2323
2055 2329
2055 2331
2055 2446
2055 2542
2055 2615
2056 2233
2056 2352
2056 2356
2056 2428
2056 2553
2057 2065
2057 2111
2057 2333
2057 2445
2058 2064
2058 2078
2058 2123
2058 2154
2058 2218
2058 2409
2058 2433
2058 2552
2059 2088
2059 2090
2059 2179
2059 2220
2059 2257
2059 2306
2059 2329
2059 2352
2059 2414
2059 2573
2059 2591
2059 2602
2060 2233
2060 2369
2060 2500
2060 2549
2061 2658
2062 2081
2062 2096
2062 2229
2062 2282
2062 2338
2062 2451
2062 2537
2062 2617
2062 2652
2063 2103
2063 2124
2063 2139
2063 2172
2063 2237
2063 2261
2063 2340
2063 2408
2063 2485
2063 2550
2063 2551
2063 2593
2063 2601
2064 2073
2064 2104
2064 2108
2064 2220
2064 2271
2064 2329
2064 2340
2064 2369
2064 2381
2064 2386
2064 2395
2064 2407
2064 2418
2064 2477
2064 2550
2064 2551
2064 2553
2064 2559
2065 2215
2065 2384
2067 2147
2067 2154
2067 2489
2068 2072
2068 2138
2068 2183
2068 2451
2068 2588
2068 2616
2069 2108
2069 2139
2069 2275
2069 2323
2069 2331
2069 2462
2069 2485
2069 2520
2069 2550
2069 2553
2069 2586
2069 2591
2069 2638
2071 2143
2071 2153
2071 2176
2071 2223
2071 2241
2071 2282
2071 2328
2071 2338
2071 2465
2071 2555
2071 2598
2071 2653
2072 2203
2072 2294
2072 2315
2072 2327
2072 2333
2072 2347
2072 2461
2072 2463
2072 2501
2072 2518
2073 2078
2073 2093
2073 2122
2073 2210
2073 2261
2073 2329
2073 2359
2073 2370
2073 2376
2073 2410
2073 2468
2073 2532
2073 2542
2073 2554
2073 2564
2073 2578
2074 2142
2074 2271
2074 2307
2074 2339
2074 2630
2074 2654
2075 2274
2075 2344
2075 2572
2076 2486
2077 2103
2077 2104
2077 2290
2077 2299
2077 2329
2077 2331
2077 2356
2077 2359
2077 2376
2077 2526
2078 2086
2078 2122
2078 2188
2078 2213
2078 2216
2078 2218
2078 2329
2078 2331
2078 2339
2078 2369
2078 2404
2078 2489
2078 2492
2078 2500
2078 2561
2078 2591
2080 2614
2081 2161
2081 2223
2081 2224
2081 2246
2081 2247
2081 2280
2081 2324
2081 2419
2081 2445
2081 2530
2081 2543
2081 2589
2081 2598
2081 2643
2083 2104
2083 2108
2083 2118
2083 2165
2083 2229
2083 2233
2083 2550
2083 2574
2084 2098
2084 2140
2084 2233
2084 2240
2084 2300
2084 2482
2084 2499
2084 2573
2084 2575
2084 2579
2084 2602
2084 2624
2085 2091
2085 2107
2085 2366
2086 2090
2086 2093
2086 2179
2086 2184
2086 2212
2086 2233
2086 2323
2086 2339
2086 2430
2086 2504
2086 2551
2086 2593
2086 2601
2086 2638
2087 2125
2087 2315
2087 2319
2087 2333
2087 2420
2087 2463
2087 2588
2087 2592
2087 2609
2087 2629
2088 2121
2088 2124
2088 2142
2088 2154
2088 2164
2088 2188
2088 2212
2088 2233
2088 2253
2088 2299
2088 2306
2088 2308
2088 2409
2088 2418
2088 2430
2088 2464
2088 2484
2088 2521
2088 2539
2088 2549
2088 2638
2089 2313
2089 2361
2090 2139
2090 2201
2090 2261
2090 2309
2090 2433
2090 2546
2090 2575
2091 2099
2091 2126
2091 2317
2091 2342
2091 2411
2092 2288
2092 2331
2093 2108
2093 2118
2093 2257
2093 2290
2093 2329
2093 2363
2093 2482
2093 2492
2093 2539
2093 2560
2093 2561
2093 2611
2093 2625
2093 2646
2094 2245
2095 2140
2095 2154
2095 2244
2095 2257
2095 2266
2095 2299
2095 2433
2095 2504
2095 2526
2095 2542
2095 2549
2095 2552
2095 2600
2095 2604
2095 2654
2096 2518
2097 2657
2098 2164
2098 2190
2098 2206
2098 2213
2098 2331
2098 2347
2098 2507
2098 2590
2099 2555
2100 2313
2101 2223
2101 2280
2101 2333
2101 2436
2101 2617
2102 2116
2102 2189
2102 2203
2102 2246
2102 2268
2102 2289
2102 2332
2102 2343
2102 2413
2102 2461
2102 2543
2102 2547
2102 2610
2103 2140
2103 2220
2103 2275
2103 2278
2103 2300
2103 2309
2103 2326
2103 2348
2103 2352
2103 2395
2103 2449
2103 2539
2103 2543
2103 2553
2104 2123
2104 2237
2104 2240
2104 2290
2104 2326
2104 2356
2104 2370
2104 2464
2104 2467
2104 2507
2104 2520
2104 2526
2104 2559
2104 2600
2104 2625
2104 2646
2107 2146
2107 2166
2107 2236
2107 2313
2107 2322
2108 2123
2108 2140
2108 2200
2108 2229
2108 2266
2108 2326
2108 2359
2108 2410
2108 2418
2108 2433
2108 2467
2108 2546
2108 2553
2108 2593
2109 2139
2109 2266
2109 2276
2109 2331
2109 2354
2109 2464
2109 2578
2109 2601
2110 2222
2110 2235
2110 2328
2111 2132
2111 2134
2111 2163
2111 2221
2111 2249
2111 2254
2111 2294
2111 2336
2111 2436
2111 2516
2111 2543
2111 2555
2111 2597
2112 2240
2112 2258
2112 2324
2112 2340
2112 2353
2112 2359
2112 2369
2112 2374
2112 2507
2112 2546
2112 2550
2112 2575
2112 2602
2113 2450
2115 2123
2115 2154
2115 2240
2115 2323
2115 2326
2115 2329
2115 2395
2115 2404
2115 2409
2115 2460
2115 2553
2115 2574
2115 2654
2116 2157
2116 2312
2116 2616
2116 2648
2117 2183
2117 2215
2117 2268
2117 2272
2117 2461
2117 2463
2117 2471
2117 2480
2117 2543
2118 2139
2118 2218
2118 2278
2118 2287
2118 2356
2118 2408
2118 2433
2118 2559
2118 2600
2118 2623
2118 2631
2119 2412
2119 2488
2119 2644
2120 2260
2120 2587
2121 2123
2121 2184
2121 2190
2121 2237
2121 2253
2121 2331
2121 2352
2121 2369
2121 2423
2121 2507
2122 2172
2122 2201
2122 2275
2122 2299
2122 2326
2122 2352
2122 2408
2122 2500
2122 2542
2122 2553
2122 2601
2123 2142
2123 2184
2123 2352
2123 2376
2123 2404
2123 2409
2123 2467
2123 2492
2123 2573
2123 2574
2123 2575
2123 2611
2124 2179
2124 2213
2124 2308
2124 2331
2124 2339
2124 2408
2124 2460
2124 2489
2124 2526
2124 2553
2124 2600
2124 2607
2124 2615
2125 2302
2125 2327
2125 2336
2125 2343
2125 2384
2125 2502
2125 2533
2125 2555
2125 2598
2125 2649
2126 2162
2126 2335
2126 2659
2127 2223
2127 2246
2127 2268
2127 2336
2127 2338
2127 2389
2127 2508
2127 2567
2127 2582
2127 2617
2127 2649
2128 2246
2128 2250
2128 2338
2128 2463
2128 2555
2128 2646
2129 2236
2129 2260
2130 2160
2131 2179
2131 2220
2131 2275
2131 2339
2131 2340
2131 2418
2131 2489
2131 2520
2131 2560
2131 2601
2131 2606
2132 2149
2132 2183
2132 2241
2132 2419
2132 2471
2133 2138
2133 2296
2133 2310
2133 2343
2133 2367
2133 2384
2133 2394
2133 2451
2133 2471
2133 2525
2133 2610
2133 2629
2134 2149
2134 2187
2134 2254
2134 2283
2134 2496
2134 2510
2134 2533
2135 2247
2135 2264
2135 2333
2135 2372
2135 2472
2135 2509
2135 2512
2135 2629
2135 2653
2136 2216
2136 2244
2136 2308
2136 2404
2136 2409
2136 2477
2137 2282
2137 2351
2137 2385
2137 2491
2138 2148
2138 2151
2138 2153
2138 2183
2138 2224
2138 2328
2138 2372
2138 2387
2138 2436
2138 2471
2138 2508
2138 2510
2138 2537
2138 2609
2139 2184
2139 2190
2139 2253
2139 2299
2139 2347
2139 2363
2139 2414
2139 2550
2139 2611
2139 2630
2140 2216
2140 2253
2140 2261
2140 2271
2140 2331
2140 2354
2140 2356
2140 2409
2140 2467
2140 2492
2140 2560
2140 2575
2141 2242
2142 2206
2142 2220
2142 2244
2142 2299
2142 2300
2142 2311
2142 2326
2142 2328
2142 2340
2142 2387
2142 2429
2142 2430
2142 2454
2142 2499
2142 2573
2142 2606
2142 2611
2143 2153
2143 2224
2143 2319
2143 2598
2143 2648
2144 2189
2144 2191
2144 2289
2144 2336
2144 2351
2144 2436
2144 2463
2144 2472
2144 2511
2144 2598
2144 2642
2145 2322
2145 2366
2145 2566
2146 2455
2147 2288
2147 2404
2148 2293
2148 2398
2148 2458
2148 2598
2149 2151
2149 2332
2149 2368
2149 2461
2150 2172
2150 2184
2150 2190
2150 2200
2150 2216
2150 2233
2150 2240
2150 2253
2150 2340
2150 2356
2150 2359
2150 2369
2150 2374
2150 2429
2150 2433
2150 2460
2150 2499
2150 2521
2150 2539
2150 2543
2150 2551
2150 2578
2150 2590
2150 2654
2150 2655
2151 2153
2151 2250
2151 2419
2151 2463
2151 2468
2151 2567
2151 2588
2152 2388
2153 2241
2153 2293
2153 2302
2153 2377
2153 2420
2153 2463
2153 2491
2153 2498
2153 2567
2153 2592
2153 2653
2154 2233
2154 2240
2154 2266
2154 2306
2154 2308
2154 2404
2154 2430
2154 2500
2154 2549
2154 2586
2154 2623
2154 2654
2155 2176
2155 2235
2155 2310
2155 2368
2155 2438
2155 2491
2155 2498
2155 2642
2157 2171
2157 2268
2157 2417
2159 2225
2159 2585
2161 2194
2161 2199
2161 2264
2161 2415
2161 2509
2163 2223
2164 2172
2164 2253
2164 2257
2164 2323
2164 2404
2164 2428
2164 2492
2164 2563
2164 2579
2164 2630
2165 2172
2165 2233
2165 2275
2165 2340
2165 2404
2165 2468
2165 2499
2165 2604
2169 2289
2169 2292
2169 2338
2169 2463
2169 2471
2169 2516
2169 2642
2170 2349
2171 2378
2171 2447
2171 2538
2171 2627
2171 2639
2171 2658
2172 2184
2172 2206
2172 2229
2172 2326
2172 2340
2172 2376
2172 2414
2172 2462
2172 2468
2172 2484
2172 2485
2172 2489
2172 2521
2172 2553
2172 2586
2172 2624
2173 2314
2173 2335
2173 2403
2174 2180
2174 2264
2174 2294
2174 2328
2174 2368
2174 2372
2174 2458
2174 2510
2174 2616
2176 2185
2176 2264
2176 2272
2176 2310
2176 2344
2176 2582
2176 2588
2176 2616
2176 2649
2177 2294
2177 2333
2179 2212
2179 2233
2179 2430
2179 2477
2179 2613
2180 2191
2180 2289
2180 2508
2181 2373
2182 2242
2183 2461
2183 2491
2183 2529
2184 2200
2184 2240
2184 2323
2184 2476
2184 2536
2184 2550
2184 2579
2184 2604
2185 2434
2186 2232
2186 2296
2187 2224
2187 2254
2187 2293
2187 2384
2187 2516
2187 2616
2188 2212
2188 2229
2188 2348
2188 2354
2188 2363
2188 2369
2188 2469
2188 2564
2188 2575
2188 2593
2188 2600
2188 2606
2189 2241
2189 2266
2189 2283
2189 2387
2189 2472
2189 2511
2190 2275
2190 2290
2190 2326
2190 2520
2190 2546
2190 2646
2191 2273
2191 2279
2191 2336
2191 2475
2191 2598
2191 2649
2192 2585
2192 2658
2193 2316
2193 2656
2194 2224
2194 2332
2194 2333
2194 2417
2194 2471
2194 2543
2194 2555
2194 2567
2196 2199
2196 2215
2196 2609
2196 2629
2196 2642
2197 2260
2197 2540
2198 2247
2198 2294
2198 2328
2198 2518
2199 2332
2199 2394
2199 2432
2199 2510
2199 2530
2199 2547
2199 2572
2199 2653
2200 2323
2200 2324
2200 2354
2200 2504
2200 2623
2201 2290
2201 2308
2201 2323
2201 2324
2201 2340
2201 2408
2201 2423
2201 2477
2201 2504
2201 2550
2201 2553
2201 2561
2201 2574
2201 2578
2201 2579
2201 2624
2203 2273
2203 2336
2203 2471
2203 2498
2203 2509
2203 2547
2203 2598
2206 2210
2206 2212
2206 2229
2206 2240
2206 2266
2206 2276
2206 2363
2206 2370
2206 2391
2206 2392
2206 2404
2206 2408
2206 2418
2206 2446
2206 2467
2206 2484
2206 2489
2206 2539
2206 2625
2207 2349
2207 2650
2208 2384
2208 2560
2208 2608
2209 2242
2209 2270
2209 2610
2210 2395
2210 2492
2210 2567
2211 2289
2211 2318
2212 2229
2212 2244
2212 2329
2212 2395
2212 2409
2212 2418
2212 2423
2212 2433
2212 2492
2213 2237
2213 2326
2213 2331
2213 2339
2213 2554
2213 2630
2214 2265
2214 2453
2215 2508
2215 2592
2216 2220
2216 2271
2216 2309
2216 2334
2216 2359
2216 2386
2216 2646
2217 2548
2218 2240
2218 2276
2218 2278
2218 2299
2218 2352
2218 2370
2218 2414
2218 2460
2218 2477
2218 2504
2218 2556
2218 2574
2218 2604
2218 2611
2218 2623
2220 2271
2220 2278
2220 2299
2220 2300
2220 2429
2220 2430
2220 2462
2220 2464
2220 2549
2220 2563
2220 2574
2220 2646
2221 2394
2221 2479
2221 2501
2222 2415
2223 2243
2223 2336
2223 2519
2223 2642
2224 2289
2224 2419
2224 2555
2224 2598
2225 2364
2225 2378
2225 2640
2225 2645
2226 2322
2226 2416
2226 2518
2226 2581
2229 2233
2229 2299
2229 2324
2229 2356
2229 2391
2229 2464
2229 2504
2229 2542
2229 2593
2229 2601
2229 2602
2231 2316
2231 2317
2231 2628
2232 2267
2232 2345
2232 2566
2232 2643
2233 2258
2233 2278
2233 2299
2233 2309
2233 2323
2233 2369
2233 2392
2233 2433
2233 2460
2233 2489
2233 2516
2233 2561
2233 2601
2233 2654
2235 2243
2235 2322
2235 2328
2235 2415
2235 2432
2235 2451
2235 2511
2235 2617
2236 2260
2236 2580
2237 2257
2237 2308
2237 2326
2237 2356
2237 2369
2237 2414
2237 2429
2237 2489
2237 2549
2237 2551
2237 2564
2237 2601
2237 2611
2237 2655
2239 2242
2239 2336
2240 2261
2240 2299
2240 2340
2240 2356
2240 2464
2240 2489
2240 2520
2240 2542
2240 2546
2240 2550
2240 2551
2240 2606
2241 2283
2241 2319
2241 2399
2241 2417
2241 2436
2241 2465
2241 2512
2241 2543
2241 2588
2241 2599
2242 2278
2242 2362
2242 2395
2242 2501
2243 2264
2243 2266
2243 2267
2243 2294
2243 2327
2243 2396
2243 2458
2243 2511
2244 2287
2244 2404
2244 2408
2244 2460
2244 2492
2244 2539
2244 2546
2244 2559
2244 2591
2245 2281
2246 2294
2246 2333
2246 2343
2246 2377
2246 2419
2247 2399
2247 2480
2247 2582
2247 2597
2248 2397
2248 2503
2249 2250
2249 2279
2249 2313
2249 2589
2250 2355
2250 2368
2250 2372
2250 2445
2250 2498
2250 2519
2250 2529
2250 2588
2250 2598
2253 2326
2253 2407
2253 2433
2253 2484
2253 2556
2253 2560
2253 2586
2253 2593
2254 2328
2254 2511
2255 2320
2255 2466
2257 2266
2257 2290
2257 2359
2257 2409
2257 2477
2257 2500
2257 2520
2257 2551
2257 2556
2257 2601
2257 2607
2257 2615
2257 2646
2258 2356
2258 2477
2258 2521
2259 2417
2259 2468
2259 2471
2261 2266
2261 2542
2261 2551
2261 2615
2261 2654
2262 2506
2263 2528
2264 2338
2264 2344
2266 2306
2266 2308
2266 2350
2266 2408
2266 2507
2266 2539
2266 2553
2266 2601
2266 2638
2267 2458
2267 2529
2267 2653
2268 2445
2268 2451
2268 2508
2268 2597
2268 2629
2270 2557
2271 2276
2271 2340
2271 2352
2271 2507
2271 2573
2271 2602
2271 2611
2273 2294
2273 2333
2273 2343
2273 2419
2274 2328
2274 2351
2275 2381
2275 2386
2275 2408
2275 2429
2275 2553
2275 2579
2275 2586
2275 2611
2276 2278
2276 2374
2276 2386
2276 2559
2276 2593
2277 2474
2278 2408
2278 2410
2278 2462
2278 2495
2278 2504
2278 2542
2278 2543
2278 2553
2278 2630
2279 2293
2279 2330
2279 2496
2279 2567
2279 2608
2280 2328
2280 2390
2280 2501
2282 2304
2282 2344
2282 2399
2282 2432
2282 2451
2282 2461
2282 2475
2282 2533
2282 2592
2282 2597
2282 2629
2283 2342
2283 2347
2283 2372
2283 2385
2283 2502
2284 2378
2284 2459
2284 2636
2285 2372
2285 2461
2285 2472
2285 2508
2285 2597
2287 2339
2287 2500
2287 2590
2287 2600
2288 2350
2288 2391
2289 2473
2289 2474
2289 2510
2289 2567
2289 2582
2289 2610
2289 2612
2289 2616
2289 2653
2290 2376
2290 2428
2290 2485
2290 2559
2290 2602
2290 2625
2291 2318
2292 2294
2292 2315
2292 2338
2292 2417
2292 2458
2292 2465
2292 2468
2292 2511
2292 2544
2293 2351
2293 2533
2293 2543
2294 2434
2294 2537
2295 2557
2296 2322
2296 2425
2297 2337
2297 2538
2297 2633
2297 2647
2299 2300
2299 2309
2299 2369
2299 2504
2299 2559
2299 2586
2299 2590
2299 2601
2300 2309
2300 2353
2300 2387
2300 2410
2300 2469
2300 2564
2300 2576
2302 2629
2303 2391
2303 2449
2304 2394
2306 2356
2306 2414
2306 2428
2306 2446
2306 2460
2306 2543
2306 2556
2306 2586
2307 2326
2307 2331
2307 2395
2307 2414
2307 2507
2307 2549
2307 2573
2307 2591
2307 2601
2307 2615
2307 2638
2307 2655
2308 2309
2308 2409
2308 2423
2308 2492
2308 2578
2309 2331
2309 2334
2309 2392
2309 2418
2309 2446
2309 2469
2309 2478
2309 2506
2309 2520
2309 2521
2309 2561
2309 2604
2309 2638
2310 2325
2310 2416
2311 2446
2311 2460
2311 2646
2312 2355
2312 2531
2312 2610
2313 2450
2313 2562
2314 2474
2315 2543
2315 2592
2315 2598
2316 2402
2318 2362
2319 2347
2319 2400
2319 2420
2319 2451
2319 2471
2319 2594
2319 2616
2319 2653
2320 2401
2320 2486
2320 2490
2322 2371
2323 2356
2323 2376
2323 2404
2323 2430
2323 2433
2323 2469
2323 2495
2323 2586
2323 2607
2323 2619
2324 2348
2324 2500
2324 2552
2324 2553
2324 2564
2324 2611
2325 2351
2325 2475
2326 2369
2326 2386
2326 2409
2326 2520
2326 2542
2326 2549
2326 2559
2326 2561
2326 2604
2326 2607
2326 2630
2327 2328
2327 2372
2327 2398
2327 2463
2329 2340
2329 2347
2329 2433
2329 2464
2329 2504
2329 2506
2330 2451
2330 2491
2331 2407
2331 2408
2331 2418
2331 2460
2331 2520
2331 2542
2331 2546
2331 2604
2331 2607
2332 2336
2332 2368
2332 2510
2332 2582
2332 2653
2333 2347
2333 2372
2333 2394
2333 2399
2333 2475
2333 2491
2333 2597
2333 2603
2334 2387
2334 2409
2334 2410
2334 2430
2334 2469
2334 2539
2335 2488
2335 2503
2336 2351
2336 2420
2336 2498
2336 2555
2336 2588
2337 2494
2337 2645
2338 2372
2338 2384
2338 2436
2338 2512
2338 2643
2339 2363
2339 2391
2339 2410
2339 2428
2339 2429
2339 2449
2339 2551
2339 2552
2339 2586
2340 2489
2340 2551
2340 2590
2340 2601
2340 2654
2344 2471
2344 2498
2345 2394
2345 2406
2346 2365
2346 2435
2346 2657
2347 2408
2347 2430
2347 2467
2347 2506
2347 2508
2347 2518
2347 2533
2347 2591
2347 2606
2347 2630
2347 2653
2348 2381
2348 2469
2348 2495
2348 2507
2348 2550
2349 2513
2350 2404
2351 2398
2351 2649
2352 2354
2352 2356
2352 2468
2352 2564
2352 2638
2353 2554
2354 2395
2354 2408
2354 2446
2354 2460
2354 2521
2354 2593
2354 2655
2355 2610
2356 2408
2356 2418
2356 2446
2356 2521
2356 2542
2356 2561
2356 2578
2356 2611
2356 2655
2357 2397
2359 2464
2359 2500
2359 2506
2361 2523
2363 2423
2363 2433
2363 2615
2364 2648
2365 2378
2365 2657
2366 2608
2368 2463
2368 2533
2369 2410
2369 2499
2369 2507
2369 2550
2369 2552
2369 2556
2369 2574
2369 2591
2369 2646
2370 2407
2370 2553
2370 2602
2370 2630
2371 2402
2371 2440
2372 2594
2372 2616
2374 2464
2374 2482
2374 2590
2376 2428
2376 2460
2376 2506
2376 2507
2376 2551
2376 2564
2376 2593
2376 2600
2376 2601
2376 2625
2377 2471
2377 2475
2377 2479
2377 2652
2379 2594
2381 2418
2381 2430
2381 2484
2381 2489
2381 2615
2382 2456
2384 2385
2384 2458
2384 2502
2384 2510
2384 2516
2384 2567
2384 2598
2384 2617
2386 2414
2386 2428
2386 2507
2386 2542
2386 2556
2386 2559
2386 2593
2387 2429
2387 2443
2389 2459
2389 2626
2390 2396
2390 2415
2391 2395
2391 2553
2392 2404
2392 2408
2392 2464
2392 2476
2392 2492
2392 2509
2392 2549
2393 2584
2394 2396
2394 2432
2394 2461
2394 2510
2394 2598
2395 2477
2395 2521
2395 2532
2395 2560
2397 2562
2397 2570
2398 2436
2398 2508
2398 2592
2399 2434
2399 2603
2400 2529
2401 2513
2403 2405
2404 2423
2404 2500
2404 2553
2404 2563
2404 2602
2404 2631
2404 2638
2407 2414
2407 2539
2408 2409
2408 2489
2408 2492
2408 2550
2408 2602
2408 2630
2409 2428
2409 2464
2409 2549
2409 2578
2409 2604
2409 2615
2410 2512
2410 2551
2410 2573
2410 2602
2410 2623
2410 2654
2414 2469
2414 2477
2414 2549
2414 2553
2414 2563
2414 2604
2414 2607
2414 2623
2416 2419
2416 2480
2416 2637
2417 2447
2418 2477
2418 2590
2419 2588
2420 2451
2420 2509
2422 2441
2423 2460
2423 2464
2423 2489
2423 2526
2423 2532
2423 2604
2423 2638
2424 2644
2425 2468
2425 2581
2427 2476
2427 2611
2428 2482
2428 2520
2428 2549
2428 2551
2428 2553
2428 2561
2428 2564
2428 2590
2428 2604
2428 2611
2428 2613
2428 2623
2428 2655
2429 2507
2429 2646
2430 2591
2432 2438
2433 2507
2433 2553
2433 2559
2433 2560
2433 2575
2433 2586
2434 2471
2436 2451
2438 2480
2438 2501
2438 2511
2438 2617
2438 2652
2440 2488
2442 2499
2444 2513
2445 2451
2445 2471
2446 2482
2446 2499
2446 2526
2446 2549
2446 2560
2446 2655
2447 2640
2447 2648
2450 2558
2451 2479
2451 2509
2451 2543
2451 2594
2451 2608
2453 2505
2454 2478
2458 2516
2458 2518
2458 2652
2459 2531
2459 2583
2460 2500
2460 2559
2460 2579
2460 2623
2461 2463
2461 2537
2461 2555
2462 2464
2462 2482
2462 2521
2462 2526
2462 2630
2463 2509
2463 2511
2464 2467
2464 2468
2464 2552
2464 2556
2464 2601
2464 2615
2464 2654
2465 2588
2467 2520
2467 2521
2467 2573
2467 2601
2468 2500
2468 2511
2468 2561
2468 2600
2468 2619
2468 2625
2469 2507
2469 2564
2469 2600
2469 2601
2469 2615
2472 2555
2472 2599
2473 2491
2473 2589
2473 2598
2474 2628
2476 2561
2477 2624
2478 2501
2478 2512
2478 2543
2482 2504
2482 2607
2484 2536
2484 2539
2484 2590
2484 2619
2484 2654
2485 2539
2485 2551
2485 2553
2485 2630
2489 2607
2489 2638
2490 2650
2491 2598
2491 2629
2492 2611
2494 2658
2495 2532
2495 2593
2495 2602
2495 2607
2495 2624
2498 2610
2499 2575
2499 2591
2499 2623
2500 2546
2500 2560
2500 2573
2500 2600
2501 2511
2501 2524
2504 2520
2504 2550
2504 2601
2504 2631
2506 2553
2507 2532
2507 2542
2507 2552
2507 2553
2507 2591
2507 2654
2509 2512
2509 2544
2509 2598
2509 2603
2509 2608
2509 2629
2510 2629
2510 2653
2511 2512
2511 2543
2511 2555
2511 2589
2511 2597
2511 2616
2511 2617
2516 2543
2516 2605
2518 2598
2518 2642
2520 2561
2520 2564
2520 2573
2520 2624
2521 2604
2521 2607
2525 2641
2526 2536
2526 2543
2526 2593
2526 2638
2532 2549
2532 2575
2532 2590
2532 2604
2535 2570
2536 2630
2537 2589
2537 2652
2539 2554
2539 2655
2542 2623
2542 2646
2543 2559
2543 2560
2543 2564
2543 2582
2543 2588
2543 2600
2543 2604
2543 2607
2543 2654
2546 2600
2546 2611
2549 2561
2549 2602
2550 2556
2550 2615
2551 2564
2551 2631
2552 2604
2552 2624
2553 2556
2553 2579
2553 2602
2553 2611
2553 2615
2553 2624
2554 2590
2554 2602
2554 2655
2558 2621
2560 2564
2560 2613
2563 2564
2563 2590
2563 2602
2564 2604
2564 2611
2564 2624
2564 2631
2567 2597
2567 2642
2573 2631
2574 2593
2575 2611
2577 2587
2578 2638
2578 2654
2579 2604
2579 2624
2586 2601
2588 2598
2588 2616
2590 2624
2590 2631
2591 2655
2592 2629
2593 2600
2593 2601
2600 2606
2600 2607
2600 2630
2601 2630
2602 2604
2602 2654
2604 2619
2606 2638
2611 2615
2611 2619
2611 2623
2611 2624
2611 2655
2615 2619
2620 2660
2624 2631
2624 2638
2626 2636
2629 2643
2630 2655
2633 2645
2636 2657
2642 2649
2645 2658
2661 2719
2661 2742
2661 2833
2661 2970
2661 3038
2661 3198
2661 3274
2661 3280
2661 3302
2661 3332
2661 3335
2661 3350
2661 3419
2662 3366
2664 2694
2664 2839
2664 2866
2664 2897
2664 2912
2664 2940
2664 2960
2664 2986
2664 3149
2664 3184
2666 2669
2666 2877
2666 2897
2666 2906
2666 2956
2666 3149
2666 3348
2666 3364
2667 3050
2668 2946
2668 3117
2668 3374
2669 2698
2669 2866
2669 2874
2669 2897
2669 2909
2669 3065
2670 2834
2670 3382
2672 2684
2672 2881
2672 3298
2673 2763
2674 2778
2674 3016
2674 3017
2674 3049
2674 3185
2674 3206
2674 3391
2674 3419
2675 2686
2675 2730
2675 2781
2675 3154
2675 3256
2675 3259
2675 3369
2676 2698
2676 2866
2676 2913
2676 2944
2676 2946
2676 2994
2676 3040
2676 3174
2676 3195
2676 3226
2677 2971
2677 3103
2677 3185
2677 3375
2679 2683
2679 2755
2679 2924
2679 2929
2679 2944
2679 2993
2679 3090
2679 3158
2679 3220
2679 3384
2679 3426
2680 2917
2680 2927
2680 3363
2680 3387
2680 3426
2681 3056
2681 3257
2682 2775
2682 3366
2683 2867
2683 2874
2683 2906
2683 2915
2683 3010
2683 3220
2683 3387
2683 3417
2684 2701
2684 3079
2684 3396
2686 3404
2687 3013
2687 3089
2687 3194
2688 3146
2689 2917
2689 2945
2689 3065
2689 3096
2689 3158
2689 3324
2689 3363
2690 2996
2690 3100
2693 2999
2693 3156
2694 2815
2694 2910
2694 2912
2694 2920
2694 2927
2694 2940
2694 2960
2694 3065
2694 3085
2694 3384
2695 2867
2695 3023
2696 2934
2696 3274
2696 3360
2698 2729
2698 2815
2698 2910
2698 2946
2698 2986
2698 3284
2698 3430
2700 3248
2700 3431
2701 3179
2701 3182
2702 2954
2702 3337
2703 2889
2705 2969
2705 3054
2705 3085
2705 3129
2705 3301
2706 2743
2706 2761
2706 2877
2706 2927
2706 3324
2706 3414
2707 2964
2708 2796
2708 2937
2708 3145
2708 3179
2709 2735
2710 2807
2710 2978
2711 2714
2711 2748
2711 3009
2711 3198
2711 3285
2711 3412
2712 2796
2712 2991
2712 3150
2712 3321
2712 3415
2713 2728
2713 3241
2714 2979
2715 2831
2715 2865
2715 3393
2716 2901
2716 2914
2716 2936
2716 2939
2716 2973
2716 2992
2716 3013
2716 3060
2716 3070
2716 3287
2716 3397
2716 3403
2717 2755
2717 2985
2717 3064
2717 3108
2717 3174
2717 3195
2717 3226
2718 3136
2718 3167
2718 3396
2719 2753
2719 2797
2719 3017
2719 3060
2719 3102
2719 3145
2719 3206
2719 3267
2719 3350
2719 3377
2720 2936
2720 2989
2720 3009
2720 3320
2723 2787
2723 3027
2724 2728
2724 2737
2724 2739
2724 2829
2724 2865
2724 2892
2724 3001
2724 3100
2724 3133
2726 2837
2726 2851
2727 3138
2728 3002
2728 3233
2728 3410
2729 3114
2729 3417
2730 2737
2730 2783
2730 2812
2730 3002
2730 3077
2730 3118
2730 3177
2730 3327
2730 3341
2730 3395
2730 3403
2731 2738
2731 2821
2732 3131
2732 3181
2733 2958
2733 3060
2734 2836
2734 3157
2734 3186
2735 3385
2737 2991
2737 3204
2738 2773
2738 2809
2738 2839
2738 2896
2738 3025
2738 3104
2738 3137
2738 3229
2739 3233
2741 2754
2741 2873
2741 3026
2741 3257
2742 2765
2742 2939
2742 2989
2742 3082
2742 3120
2742 3182
2742 3298
2742 3299
2742 3352
2742 3396
2743 2756
2743 2945
2743 3433
2745 3139
2745 3153
2748 2785
2748 2846
2748 3041
2748 3051
2748 3070
2748 3082
2749 2839
2749 2873
2749 2943
2749 3073
2750 2873
2750 2910
2750 2943
2751 3124
2751 3215
2753 3261
2754 2761
2754 2877
2754 2906
2754 2910
2754 2916
2754 2974
2754 3105
2754 3174
2754 3362
2755 2866
2755 2877
2755 2994
2755 3040
2755 3054
2755 3098
2755 3232
2755 3399
2756 2887
2756 2929
2756 2931
2756 3238
2757 3195
2757 3363
2758 3196
2758 3236
2758 3253
2759 2820
2759 3117
2759 3383
2759 3426
2760 2813
2762 2841
2762 2904
2762 3027
2763 2800
2763 2920
2763 3184
2763 3220
2763 3232
2764 3222
2764 3278
2764 3302
2765 2853
2765 2973
2765 3049
2765 3132
2765 3252
2765 3297
2765 3397
2768 3072
2769 3090
2769 3300
2770 2939
2770 3102
2770 3146
2771 3248
2773 2929
2773 3119
2773 3158
2775 3062
2776 3105
2777 2782
2777 2827
2777 2864
2777 2920
2777 2925
2777 3195
2777 3348
2778 2828
2778 3101
2778 3132
2778 3145
2778 3179
2778 3330
2778 3350
2779 3068
2779 3420
2780 3188
2780 3211
2780 3279
2780 3395
2780 3419
2781 2991
2781 3116
2781 3182
2781 3221
2781 3347
2781 3350
2781 3419
2782 2806
2782 2827
2782 2920
2782 2956
2782 2986
2782 3036
2782 3108
2782 3174
2782 3324
2782 3399
2783 3028
2783 3172
2784 3259
2784 3275
2785 3072
2785 3345
2785 3431
2786 2874
2786 2924
2786 2940
2786 2966
2786 3033
2786 3054
2786 3078
2786 3104
2786 3119
2786 3174
2786 3213
2786 3228
2787 3291
2787 3380
2789 2851
2789 2888
2789 3059
2789 3231
2790 2813
2791 2812
2791 2844
2791 2876
2792 3037
2793 2849
2793 2937
2793 3007
2793 3027
2793 3089
2793 3132
2793 3146
2793 3198
2793 3214
2793 3347
2793 3350
2794 2810
2794 2907
2795 2904
2796 3016
2796 3082
2796 3111
2796 3172
2796 3320
2796 3351
2797 3011
2797 3396
2799 3200
2800 2806
2800 2827
2800 2890
2800 2913
2800 2925
2800 2928
2800 2944
2802 3150
2802 3154
2803 3211
2804 2984
2805 2997
2805 3121
2806 2986
2806 3004
2806 3286
2806 3309
2806 3324
2807 2837
2810 2927
2810 2944
2810 3213
2810 3293
2810 3362
2812 3140
2813 2818
2813 2971
2813 2979
2813 3020
2813 3365
2815 2872
2815 2910
2815 2912
2815 2925
2815 3033
2815 3078
2817 3055
2817 3127
2818 2946
2818 3350
2819 3221
2819 3341
2821 3166
2823 3011
2823 3076
2823 3079
2823 3378
2827 2839
2827 2917
2827 2944
2827 2969
2827 3096
2827 3163
2827 3301
2828 2901
2828 2937
2828 2989
2828 3152
2828 3169
2828 3252
2828 3261
2830 2990
2830 3346
2830 3434
2831 2865
2832 3050
2833 2914
2833 2973
2833 2991
2833 3076
2833 3079
2833 3182
2833 3265
2833 3320
2833 3332
2834 3325
2835 3226
2835 3324
2836 2840
2836 2898
2836 2954
2836 3005
2836 3214
2836 3248
2839 2896
2839 2905
2839 2928
2839 2943
2839 2946
2839 3000
2839 3004
2839 3022
2839 3096
2839 3284
2839 3348
2839 3364
2839 3414
2841 2898
2841 3389
2841 3431
2845 2892
2845 3002
2846 3175
2846 3320
2847 3162
2849 2853
2849 2894
2849 3070
2849 3115
2849 3146
2849 3330
2849 3344
2849 3381
2849 3434
2850 2864
2851 3137
2851 3392
2853 2869
2853 2991
2853 3106
2853 3247
2853 3391
2854 3010
2854 3023
2854 3286
2856 2979
2858 2898
2858 3097
2858 3248
2859 3075
2861 3216
2861 3218
2862 2906
2862 2913
2862 2956
2862 2988
2862 3084
2862 3174
2862 3384
2863 3050
2863 3102
2863 3120
2863 3152
2863 3171
2863 3214
2863 3239
2863 3296
2863 3320
2863 3335
2863 3386
2863 3397
2864 2911
2864 2956
2864 2986
2864 3065
2864 3108
2865 3020
2865 3264
2866 2911
2866 3174
2866 3226
2866 3387
2866 3399
2867 2880
2867 3324
2867 3417
2868 3242
2869 2980
2869 3021
2869 3113
2869 3152
2870 2934
2870 2990
2870 3077
2871 3062
2871 3353
2872 2956
2872 2966
2872 3033
2872 3096
2872 3293
2873 2874
2873 2929
2873 3000
2873 3014
2873 3078
2873 3137
2874 2915
2874 3435
2875 3170
2875 3287
2875 3335
2875 3386
2875 3396
2876 3152
2876 3331
2877 2890
2877 2906
2877 2915
2877 2919
2877 2953
2877 2967
2877 3000
2877 3022
2877 3052
2877 3073
2877 3339
2879 3314
2879 3318
2880 2927
2880 3056
2881 3015
2881 3076
2881 3377
2883 3223
2887 3119
2887 3399
2888 3090
2889 3155
2889 3311
2889 3314
2890 2910
2890 2919
2890 2928
2890 2953
2890 2985
2890 2993
2890 3104
2890 3294
2890 3362
2891 3234
2891 3237
2891 3324
2892 3086
2892 3178
2892 3207
2893 3159
2894 3035
2894 3258
2894 3274
2894 3350
2895 3274
2897 2916
2897 2919
2897 3064
2897 3363
2900 3207
2901 2904
2901 2939
2901 2992
2901 3113
2901 3120
2901 3150
2901 3291
2901 3299
2901 3351
2901 3397
2904 3016
2904 3146
2904 3211
2904 3280
2904 3319
2906 2977
2906 3033
2906 3096
2906 3301
2907 2943
2908 2960
2908 3426
2909 2913
2909 3384
2910 2919
2910 3065
2911 2912
2911 2974
2911 2985
2911 3004
2911 3040
2911 3054
2911 3096
2912 2919
2912 2940
2912 3363
2913 2915
2913 3224
2914 3276
2915 2924
2915 2928
2915 2994
2915 3163
2915 3213
2916 2917
2916 2969
2916 2985
2916 3065
2916 3078
2916 3117
2916 3348
2916 3363
2917 3339
2918 3087
2918 3385
2919 2920
2919 2953
2919 3108
2920 2940
2920 3117
2920 3184
2920 3213
2920 3304
2920 3324
2920 3433
2921 3075
2921 3221
2922 3028
2923 3005
2924 2928
2924 3025
2924 3090
2925 2928
2925 2940
2925 3022
2925 3054
2925 3174
2925 3228
2925 3348
2926 3427
2927 2960
2927 3004
2927 3085
2927 3108
2927 3117
2927 3220
2928 2946
2928 3104
2928 3414
2929 3220
2929 3232
2931 3238
2933 2999
2934 3244
2936 3082
2936 3267
2936 3396
2937 3035
2937 3247
2937 3258
2937 3267
2937 3280
2938 3253
2939 3120
2939 3150
2939 3239
2939 3397
2940 2988
2940 3096
2940 3417
2941 2955
2943 3029
2943 3065
2943 3096
2943 3228
2944 3213
2944 3226
2946 3174
2946 3302
2946 3387
2947 2962
2947 3177
2949 3028
2949 3126
2949 3322
2950 3116
2950 3272
2950 3331
2951 3016
2951 3019
2951 3051
2951 3196
2955 3136
2955 3196
2955 3219
2955 3255
2955 3256
2955 3419
2956 2977
2956 3014
2956 3243
2956 3387
2958 3076
2958 3079
2958 3179
2958 3353
2960 3040
2960 3117
2960 3149
2960 3232
2964 3062
2964 3289
2965 3107
2966 2994
2966 3033
2966 3056
2966 3085
2966 3090
2966 3096
2966 3232
2966 3426
2968 3161
2969 3426
2970 3106
2970 3169
2970 3239
2970 3316
2970 3351
2973 3049
2973 3089
2973 3206
2973 3406
2974 3174
2974 3284
2976 3289
2977 3000
2977 3166
2977 3238
2978 3130
2979 3101
2981 3042
2981 3073
2983 3012
2983 3020
2984 3206
2985 3054
2985 3142
2985 3363
2985 3399
2986 3014
2986 3226
2986 3284
2987 3026
2987 3104
2987 3123
2989 3247
2991 3051
2991 3102
2991 3146
2991 3185
2991 3288
2992 3247
2993 3417
2994 3047
2994 3108
2994 3294
2994 3324
2994 3362
2995 3272
2996 3136
2996 3201
2996 3341
2997 3063
2999 3136
2999 3240
2999 3253
2999 3310
3000 3054
3000 3104
3000 3123
3000 3257
3000 3364
3001 3207
3002 3034
3002 3087
3004 3023
3004 3284
3005 3039
3005 3118
3005 3165
3005 3287
3005 3320
3005 3366
3007 3371
3007 3412
3008 3318
3010 3269
3011 3254
3011 3263
3011 3350
3013 3175
3013 3345
3014 3084
3014 3303
3014 3364
3016 3214
3017 3182
3018 3233
3018 3295
3019 3359
3020 3136
3020 3205
3020 3263
3021 3082
3021 3115
3021 3252
3022 3040
3022 3047
3022 3108
3022 3339
3022 3426
3024 3233
3025 3363
3026 3158
3026 3324
3026 3362
3026 3426
3027 3101
3027 3113
3027 3214
3027 3274
3027 3291
3027 3302
3027 3403
3028 3072
3029 3257
3029 3364
3032 3187
3032 3236
3033 3119
3034 3101
3034 3287
3034 3360
3035 3120
3035 3235
3035 3296
3035 3335
3035 3419
3036 3080
3038 3082
3038 3101
3038 3319
3038 3344
3039 3403
3040 3096
3040 3232
3042 3257
3044 3232
3046 3209
3046 3299
3047 3096
3047 3339
3047 3426
3049 3188
3049 3201
3049 3267
3049 3280
3049 3381
3049 3397
3051 3082
3051 3116
3051 3224
3051 3261
3051 3277
3051 3330
3051 3332
3051 3347
3051 3378
3051 3396
3051 3434
3052 3202
3052 3387
3054 3085
3054 3228
3054 3433
3056 3078
3056 3220
3058 3352
3060 3291
3060 3332
3060 3367
3060 3378
3060 3381
3062 3154
3062 3289
3062 3331
3064 3163
3065 3433
3066 3083
3067 3189
3068 3154
3070 3150
3070 3206
3070 3265
3070 3330
3070 3386
3070 3416
3072 3212
3072 3214
3072 3353
3073 3119
3073 3284
3074 3147
3075 3198
3075 3397
3076 3079
3076 3152
3076 3262
3076 3272
3076 3381
3077 3263
3078 3108
3078 3117
3078 3284
3080 3090
3080 3231
3080 3390
3080 3394
3081 3196
3082 3106
3082 3140
3082 3146
3082 3148
3082 3191
3082 3252
3082 3330
3082 3347
3082 3355
3082 3409
3082 3434
3084 3104
3084 3158
3084 3243
3085 3228
3085 3238
3085 3348
3086 3207
3086 3263
3087 3264
3087 3406
3088 3208
3088 3298
3089 3101
3090 3119
3090 3142
3090 3220
3090 3364
3090 3387
3092 3237
3092 3324
3093 3274
3095 3137
3096 3149
3096 3232
3096 3384
3098 3362
3099 3369
3100 3154
3100 3295
3100 3320
3101 3132
3101 3265
3101 3297
3101 3316
3101 3332
3101 3366
3101 3406
3102 3252
3102 3330
3103 3150
3104 3130
3104 3384
3106 3321
3106 3332
3106 3386
3107 3288
3107 3313
3107 3330
3107 3343
3107 3395
3107 3421
3109 3415
3111 3145
3111 3261
3111 3279
3111 3395
3112 3298
3113 3434
3114 3139
3114 3362
3114 3400
3115 3280
3115 3291
3115 3397
3115 3422
3116 3150
3116 3214
3116 3347
3117 3173
3117 3213
3117 3342
3117 3431
3118 3162
3118 3233
3118 3396
3119 3158
3120 3240
3120 3247
3120 3267
3120 3277
3120 3291
3120 3297
3120 3344
3120 3391
3123 3137
3123 3430
3124 3185
3132 3179
3132 3239
3132 3316
3135 3158
3136 3264
3136 3331
3137 3232
3138 3211
3138 3279
3139 3430
3140 3379
3142 3213
3142 3339
3145 3204
3145 3291
3145 3351
3146 3201
3146 3383
3146 3419
3148 3327
3149 3163
3149 3174
3150 3151
3150 3198
3150 3330
3150 3360
3150 3406
3150 3411
3151 3326
3152 3172
3152 3185
3152 3239
3152 3373
3153 3392
3153 3428
3154 3191
3154 3371
3154 3397
3158 3163
3158 3293
3159 3405
3160 3186
3160 3298
3162 3207
3162 3233
3162 3273
3162 3331
3162 3346
3167 3236
3167 3385
3168 3179
3168 3366
3169 3239
3169 3247
3169 3291
3170 3280
3170 3298
3170 3320
3172 3291
3172 3313
3172 3332
3173 3210
3176 3233
3177 3295
3177 3415
3178 3211
3179 3265
3179 3397
3180 3372
3182 3297
3182 3411
3184 3294
3184 3324
3185 3272
3185 3278
3185 3360
3185 3378
3185 3385
3187 3249
3187 3408
3187 3425
3188 3260
3190 3341
3191 3344
3195 3250
3196 3264
3196 3327
3196 3403
3199 3434
3201 3272
3201 3350
3201 3419
3203 3233
3203 3421
3204 3297
3204 3321
3207 3359
3207 3410
3209 3212
3209 3360
3211 3346
3213 3324
3213 3394
3214 3279
3219 3415
3223 3241
3224 3406
3225 3281
3225 3396
3226 3363
3232 3301
3233 3240
3233 3356
3236 3264
3238 3435
3239 3240
3239 3434
3240 3386
3241 3412
3242 3274
3243 3417
3245 3263
3246 3275
3247 3265
3247 3391
3248 3383
3250 3363
3252 3347
3252 3385
3252 3419
3254 3280
3254 3409
3256 3365
3256 3397
3256 3425
3256 3427
3258 3274
3258 3360
3259 3404
3261 3332
3263 3403
3264 3337
3265 3277
3267 3299
3267 3347
3267 3378
3267 3381
3272 3347
3272 3422
3273 3346
3277 3316
3277 3330
3277 3419
3279 3305
3280 3347
3280 3350
3280 3419
3281 3377
3287 3353
3288 3332
3291 3351
3291 3391
3293 3339
3293 3362
3295 3346
3297 3397
3298 3306
3298 3328
3299 3340
3299 3345
3299 3360
3305 3374
3318 3325
3319 3350
3319 3393
3319 3411
3320 3355
3320 3367
3321 3360
3321 3365
3321 3422
3324 3390
3325 3423
3326 3327
3329 3409
3330 3422
3332 3403
3332 3411
3333 3394
3335 3385
3342 3345
3342 3416
3345 3403
3345 3406
3346 3415
3347 3403
3348 3384
3348 3435
3350 3386
3353 3403
3355 3391
3355 3396
3356 3412
3360 3415
3360 3431
3362 3390
3366 3412
3367 3377
3378 3397
3381 3416
3382 3423
3384 3387
3391 3434
3395 3415
3410 3420
3437 3441
3437 3464
3437 3465
3437 3466
3437 3476
3437 3495
3437 3498
3437 3508
3437 3518
3437 3535
3437 3542
3437 3550
3437 3560
3437 3567
3437 3590
3437 3591
3437 3592
3437 3597
3437 3599
3437 3604
3437 3610
3437 3617
3437 3624
3437 3633
3437 3641
3437 3655
3437 3659
3437 3682
3437 3694
3437 3714
3437 3719
3437 3729
3437 3769
3437 3777
3437 3782
3437 3783
3437 3790
3437 3794
3437 3802
3437 3812
3437 3817
3437 3819
3437 3820
3437 3829
3437 3834
3437 3845
3437 3855
3437 3857
3437 3873
3437 3879
3437 3935
3437 3938
3437 3956
3437 3964
3437 3967
3437 3972
3438 3448
3438 3522
3439 3616
3440 3886
3441 3536
3442 3636
3442 3685
3442 3735
3442 3876
3442 3936
3445 3868
3446 3531
3446 3814
3448 3779
3448 3804
3448 3830
3449 3788
3450 3497
3450 3528
3450 3604
3450 3790
3454 3605
3454 3621
3455 3713
3455 3715
3455 3735
3455 3827
3456 3824
3456 3841
3456 3962
3457 3830
3457 3938
3458 3643
3458 3792
3458 3793
3459 3564
3459 3763
3460 3515
3461 3930
3462 3756
3462 3800
3462 3891
3463 3558
3463 3909
3464 3554
3464 3829
3464 3895
3465 3519
3465 3757
3465 3836
3465 3975
3466 3881
3468 3601
3468 3645
3468 3718
3468 3945
3469 3474
3469 3634
3471 3526
3471 3845
3471 3940
3473 3857
3473 3868
3474 3738
3474 3823
3474 3915
3475 3485
3475 3845
3475 3948
3476 3519
3476 3675
3479 3562
3479 3581
3479 3919
3480 3667
3481 3695
3482 3508
3482 3685
3483 3617
3484 3831
3484 3940
3485 3804
3485 3838
3486 3509
3486 3822
3487 3504
3487 3961
3488 3514
3488 3545
3488 3576
3488 3605
3488 3611
3488 3687
3489 3665
3490 3894
3491 3611
3492 3930
3495 3548
3495 3667
3495 3824
3495 3831
3495 3842
3495 3873
3495 3938
3497 3658
3498 3615
3498 3636
3499 3617
3500 3641
3500 3664
3500 3920
3501 3625
3501 3692
3501 3734
3501 3756
3501 3800
3505 3827
3506 3511
3506 3623
3506 3631
3506 3786
3506 3829
3508 3521
3509 3909
3510 3529
3510 3630
3510 3881
3511 3821
3512 3604
3512 3830
3513 3616
3514 3545
3514 3804
3516 3523
3516 3695
3516 3919
3519 3675
3520 3526
3521 3592
3521 3907
3524 3568
3524 3866
3524 3906
3525 3873
3525 3889
3525 3948
3526 3559
3527 3545
3527 3707
3528 3596
3528 3604
3528 3707
3528 3832
3529 3869
3532 3617
3532 3829
3533 3877
3533 3929
3534 3612
3534 3614
3534 3617
3535 3694
3538 3541
3538 3868
3538 3912
3540 3830
3540 3886
3540 3971
3541 3628
3541 3892
3542 3852
3544 3674
3545 3586
3545 3633
3545 3804
3545 3824
3545 3962
3546 3549
3546 3863
3547 3775
3547 3779
3550 3797
3550 3950
3553 3644
3553 3685
3553 3728
3553 3773
3554 3829
3555 3777
3556 3693
3556 3817
3556 3971
3557 3604
3557 3731
3557 3828
3558 3909
3558 3951
3560 3691
3561 3612
3561 3825
3562 3581
3563 3886
3564 3825
3569 3906
3571 3701
3571 3757
3572 3794
3574 3891
3575 3872
3576 3756
3576 3800
3576 3877
3577 3656
3577 3677
3577 3684
3577 3841
3578 3604
3578 3877
3579 3757
3579 3975
3581 3649
3583 3600
3584 3764
3584 3794
3584 3893
3586 3684
3586 3692
3586 3693
3587 3920
3590 3713
3590 3728
3590 3740
3593 3601
3593 3924
3594 3898
3595 3743
3596 3603
3596 3681
3596 3692
3596 3734
3596 3779
3596 3800
3596 3838
3596 3926
3596 3938
3596 3966
3599 3666
3599 3835
3599 3862
3599 3867
3599 3921
3600 3825
3600 3861
3601 3645
3601 3768
3601 3786
3601 3881
3603 3828
3604 3611
3604 3731
3604 3770
3604 3838
3604 3889
3604 3913
3605 3731
3607 3933
3609 3756
3610 3674
3611 3902
3612 3895
3613 3898
3615 3629
3617 3680
3617 3690
3617 3719
3617 3821
3617 3825
3617 3931
3618 3750
3621 3684
3621 3689
3622 3821
3622 3927
3628 3739
3629 3636
3629 3753
3629 3921
3633 3674
3633 3760
3633 3800
3633 3804
3633 3842
3633 3860
3633 3877
3633 3938
3634 3915
3634 3937
3635 3640
3635 3670
3635 3790
3636 3666
3636 3815
3640 3734
3640 3737
3640 3926
3640 3938
3641 3907
3642 3730
3642 3737
3643 3648
3643 3810
3643 3870
3643 3896
3645 3843
3648 3711
3648 3903
3649 3830
3649 3883
3649 3919
3651 3674
3651 3683
3656 3948
3657 3819
3658 3891
3659 3930
3660 3780
3661 3948
3662 3863
3663 3740
3664 3901
3666 3921
3667 3842
3667 3852
3667 3948
3668 3738
3669 3864
3669 3911
3672 3851
3672 3891
3674 3847
3674 3886
3674 3948
3675 3899
3677 3756
3677 3797
3679 3894
3679 3939
3680 3830
3680 3878
3680 3895
3680 3900
3682 3949
3683 3692
3684 3697
3684 3830
3684 3872
3684 3966
3685 3850
3687 3702
3690 3758
3690 3927
3690 3946
3692 3693
3692 3797
3692 3873
3692 3886
3693 3948
3693 3970
3696 3783
3697 3971
3701 3837
3702 3721
3702 3790
3702 3948
3703 3971
3705 3713
3708 3918
3710 3862
3711 3792
3711 3810
3711 3896
3713 3740
3714 3906
3715 3740
3715 3867
3716 3932
3718 3822
3718 3906
3718 3951
3719 3758
3719 3810
3720 3918
3720 3923
3721 3948
3722 3740
3725 3917
3727 3949
3728 3907
3730 3737
3730 3790
3730 3804
3734 3824
3734 3841
3737 3884
3737 3966
3739 3868
3743 3874
3747 3766
3750 3877
3756 3800
3756 3877
3758 3777
3758 3782
3758 3906
3759 3774
3760 3830
3762 3824
3762 3934
3764 3793
3764 3915
3764 3931
3774 3899
3775 3847
3776 3964
3779 3872
3783 3933
3787 3923
3789 3918
3790 3804
3790 3845
3791 3960
3794 3826
3794 3833
3796 3797
3797 3938
3800 3830
3800 3913
3800 3938
3804 3824
3804 3913
3805 3950
3810 3906
3810 3951
3811 3949
3813 3864
3817 3971
3821 3933
3822 3906
3822 3924
3823 3946
3824 3913
3825 3927
3825 3931
3826 3969
3828 3966
3829 3915
3829 3956
3830 3913
3830 3926
3830 3930
3830 3971
3837 3975
3838 3891
3840 3850
3842 3877
3847 3953
3847 3979
3849 3904
3852 3926
3852 3966
3852 3971
3859 3870
3860 3930
3868 3892
3869 3924
3870 3903
3870 3924
3872 3950
3873 3971
3883 3919
3886 3968
3888 3950
3889 3943
3890 3927
3892 3917
3896 3951
3906 3924
3915 3972
3938 3968
3950 3979
3980 3981
3980 3986
3980 3989
3980 4004
3980 4018
3980 4023
3980 4035
3981 3994
3985 4014
3986 4014
3986 4026
3989 3991
3991 4031
3994 3996
3995 4004
3998 4005
3998 4009
3998 4023
4000 4017
4002 4027
4004 4038
4007 4016
4007 4025
4009 4019
4026 4030
4027 4038